1948-01	-0.9,2.1,6.6,8.4,8.8,10.5,11.4,15.4,16.4,18.6,18.6,18.9,19.2,20.5,21.9,23.6,24.6,24.7,25.2,27.2,28.1,29.9,33.2,33.4,33.5,33.7,37.8,39.2,39.2,41.5,42.4
1948-02	-0.7,3.7,4.4,7.6,9.5,9.9,10.9,13.1,14.0,14.3,15.9,16.5,16.7,18.2,18.6,22.6,22.7,26.1,28.1,29.0,29.6,31.5,35.2,35.6,42.6,43.2,44.6,47.1,47.5
1948-03	-5.1,-2.5,5.0,8.6,10.9,15.4,17.8,18.9,19.4,20.4,21.1,22.3,24.9,28.3,29.9,31.9,32.1,32.2,35.3,36.8,40.2,41.5,44.8,45.1,45.6,45.7,45.7,47.1,50.6,52.6,55.1
1948-04	33.7,36.2,38.3,42.7,43.2,43.8,45.6,46.4,47.3,47.5,49.2,50.1,50.9,52.7,52.7,53.3,54.1,55.1,55.1,55.3,55.9,57.7,57.7,61.4,62.3,63.6,64.5,66.2,66.6,68.6
1948-05	39.3,41.6,44.9,45.5,48.0,48.6,51.3,52.1,52.7,53.1,54.2,55.1,56.0,57.6,57.6,57.9,58.8,59.3,61.2,61.6,61.7,62.8,64.8,65.8,68.3,68.8,69.5,69.6,76.6,78.3,79.2
1948-06	53.9,54.3,55.0,57.0,58.7,58.8,61.0,61.3,61.8,62.8,64.5,65.9,66.1,66.3,66.5,66.6,66.7,66.9,67.9,69.1,69.7,70.3,70.4,70.6,71.0,71.1,72.2,73.6,74.4,74.7
1948-07	63.7,64.3,67.2,67.2,67.6,68.8,69.7,70.2,70.2,70.9,72.6,72.8,73.7,74.1,74.4,74.7,75.0,77.5,77.7,77.9,78.8,79.3,79.3,79.8,81.0,82.4,82.7,83.3,83.7,84.6,85.8
1948-08	61.6,61.7,63.5,65.1,66.1,67.1,69.7,69.8,70.6,71.0,71.8,72.3,72.4,73.1,75.0,75.8,76.1,76.3,76.7,77.8,78.6,79.2,79.5,79.6,79.8,79.9,82.1,83.1,83.4,84.1,84.8
1948-09	54.0,54.0,56.2,59.3,59.9,60.7,61.0,61.2,61.3,62.5,62.5,62.7,64.3,64.7,64.8,65.6,69.8,72.2,73.1,73.9,74.0,74.8,75.3,75.9,76.2,76.7,78.5,79.2,79.3,79.4
1948-10	34.6,39.3,43.0,43.1,44.2,45.2,46.5,46.5,47.2,48.1,48.7,48.9,49.2,49.5,49.6,49.7,49.7,49.9,50.0,50.6,52.2,52.5,52.5,53.4,55.2,56.8,57.1,59.2,59.4,59.6,61.3
1948-11	24.0,24.9,25.6,27.0,27.1,28.4,29.6,29.6,29.8,30.4,30.6,31.3,32.4,32.5,33.2,35.4,35.6,35.8,35.8,36.1,36.7,36.7,37.0,39.3,41.1,45.7,47.1,50.2,52.2,54.1
1948-12	10.0,12.8,15.0,15.4,16.6,16.7,17.4,18.5,18.5,18.6,19.1,19.4,20.0,20.2,21.4,21.5,21.9,22.9,23.0,23.5,24.1,25.9,29.9,33.3,33.5,33.6,33.9,35.1,35.6,35.8,49.1
1973-01	-9.7,-7.4,-3.2,-2.1,-1.8,-1.4,4.4,10.8,12.6,12.8,12.9,21.8,22.9,24.6,25.7,25.7,26.0,27.1,29.3,31.6,32.5,35.1,35.6,36.1,36.2,38.3,40.1,42.2,42.5,44.2,47.0
1973-02	4.6,6.5,12.2,12.5,15.2,18.3,20.3,22.4,28.4,28.5,31.6,32.3,32.6,33.2,34.1,34.8,35.1,35.2,35.4,36.2,36.9,39.1,39.7,40.5,40.9,44.2,46.4,46.7
1973-03	33.5,34.1,34.6,35.5,35.5,36.6,37.8,38.3,38.6,38.9,39.2,39.2,39.8,39.9,40.0,40.5,41.4,41.9,42.0,42.2,43.3,43.9,44.4,44.6,44.7,44.7,45.9,46.6,48.0,48.0,49.5
1973-04	26.9,28.2,30.2,31.2,38.5,41.5,41.6,42.5,42.7,42.8,43.2,43.3,45.4,45.6,46.7,47.1,47.1,49.0,49.7,50.0,51.2,51.9,52.1,54.5,56.2,58.5,59.8,60.5,63.6,64.2
1973-05	39.6,46.5,48.7,50.3,50.6,51.4,52.7,53.1,54.3,55.6,56.2,56.5,56.6,56.8,57.1,57.5,57.9,59.2,59.4,60.1,61.2,61.2,62.1,62.3,66.9,67.0,68.1,69.3,69.4,72.7,74.4
1973-06	58.8,61.6,63.0,63.6,64.6,65.2,65.8,65.9,67.1,68.7,69.8,69.9,71.4,71.6,71.8,71.9,72.8,73.2,73.6,74.9,74.9,74.9,74.9,75.8,77.6,78.8,79.8,80.4,83.1,83.6
1973-07	61.4,63.6,65.7,68.7,70.0,70.2,71.1,71.3,71.3,71.4,71.9,72.3,72.6,73.0,73.1,73.7,74.0,74.4,75.7,77.2,78.8,80.2,81.2,81.2,82.3,83.9,84.4,85.7,86.6,87.8,88.4
1973-08	68.6,71.3,72.8,72.9,73.1,73.3,73.5,73.6,74.0,74.4,75.2,75.5,75.8,77.0,77.0,78.0,78.5,78.6,80.5,80.7,80.8,81.2,81.4,81.9,82.0,82.6,82.6,85.1,85.9,86.4
1973-09	38.9,43.0,46.2,50.3,51.8,52.9,53.3,53.9,55.3,55.5,56.1,57.3,57.4,58.8,59.5,60.0,61.5,62.1,63.0,63.7,63.9,64.3,64.5,65.1,66.5,67.3,67.5,67.9,73.4,74.7
1973-10	37.3,39.1,41.1,42.2,42.3,44.1,46.8,47.7,48.9,49.9,50.5,52.1,52.2,53.7,54.0,54.0,54.7,55.4,57.7,59.1,59.5,59.6,60.2,62.4,62.5,63.4,66.0,66.3,66.4,67.3,67.6
1973-11	19.9,23.9,24.1,25.4,26.6,28.6,29.0,29.1,29.1,29.8,30.8,31.6,32.2,32.5,33.7,33.9,33.9,34.1,34.3,35.5,37.7,40.1,43.7,43.8,44.6,44.8,47.5,55.6,55.7
1973-12	3.5,8.0,10.8,12.0,15.2,17.6,18.8,19.1,19.5,19.7,19.9,20.2,20.9,23.0,23.2,23.8,24.9,24.9,27.9,28.5,29.8,30.8,32.4,33.5,34.7,34.9,36.4,37.7,39.6,41.5,43.0
1974-01	-10.4,-6.6,-6.1,-4.8,-2.2,-2.0,0.7,0.8,1.2,1.8,3.9,6.6,14.8,20.7,25.1,26.5,27.0,29.2,29.9,33.4,33.7,34.0,36.9,37.3,37.5,38.9,42.6,43.1,43.8,45.7,54.8
1974-02	12.4,16.2,19.0,19.1,19.9,21.5,23.4,23.5,25.6,25.8,27.3,27.7,29.1,31.4,32.0,32.8,33.7,34.3,34.6,35.9,37.2,37.4,38.1,39.5,40.3,45.6,46.9,47.5
1974-03	15.0,18.2,22.1,24.6,26.3,29.0,30.9,32.0,32.2,32.8,33.2,33.5,33.7,35.1,37.8,38.4,38.9,40.3,40.7,41.1,42.8,42.9,46.4,47.8,49.0,51.0,51.1,54.5,54.9,55.7,56.0
1974-04	30.3,34.1,36.8,37.6,37.8,39.2,39.8,40.5,42.8,44.3,45.7,46.8,47.6,48.0,49.4,51.0,51.2,51.3,53.3,53.6,55.2,55.5,56.1,56.7,58.4,60.3,64.3,65.2,66.0,66.4
1974-05	47.1,49.2,52.5,52.8,53.2,55.2,56.5,56.7,57.2,57.9,58.0,58.3,58.6,59.3,59.3,59.4,59.6,60.1,60.2,60.5,61.8,62.1,62.6,62.8,63.6,65.6,65.7,67.9,68.6,71.3,72.8
1974-06	56.7,57.8,57.9,58.3,60.2,60.5,61.9,63.2,63.2,65.9,67.3,67.6,68.7,68.8,72.1,72.5,72.6,74.2,74.3,75.5,76.1,78.3,78.7,79.3,79.4,79.8,82.5,83.6,83.6,87.5
1974-07	71.2,71.3,72.4,73.0,74.1,74.5,81.1,81.1,81.2,81.3,81.5,81.7,82.3,82.8,83.1,83.1,84.0,84.1,84.1,84.5,84.9,84.9,85.8,85.8,86.9,86.9,87.6,88.1,88.4,89.8,91.2
1974-08	55.7,60.6,64.1,64.3,64.3,65.1,65.5,66.1,66.5,66.7,68.6,68.6,70.8,70.9,71.3,71.6,71.7,72.3,72.5,72.7,72.9,74.5,75.2,75.2,75.5,76.8,79.0,79.8,80.7,80.9,82.7
1974-09	44.6,45.2,49.7,50.1,50.8,51.0,51.1,53.7,54.4,54.5,56.3,56.8,58.8,60.2,61.3,62.9,62.9,64.1,64.7,65.1,65.3,67.4,68.7,69.1,69.3,69.4,70.3,70.5,70.9,75.5
1974-10	39.0,42.2,42.3,46.7,47.1,48.1,48.6,48.7,50.7,50.9,51.2,51.2,51.7,51.8,53.0,53.9,54.6,54.8,55.6,55.8,56.3,56.4,58.2,58.5,58.6,59.7,64.0,64.4,65.1,65.2,69.6
1974-11	13.6,18.0,23.8,29.4,29.7,30.9,32.8,32.9,34.0,34.2,34.9,35.4,35.9,37.1,37.1,37.3,37.6,39.1,40.3,40.3,40.9,41.2,41.6,42.2,42.5,44.8,45.9,47.1,48.4,51.8
1974-12	12.5,18.0,18.5,19.1,19.2,22.9,23.9,24.0,25.6,25.6,25.8,26.1,26.1,26.4,26.6,26.9,27.1,28.1,28.8,31.1,31.6,32.6,33.0,33.4,35.1,36.1,37.0,37.7,38.3,40.7,41.1
1975-01	-0.5,5.0,12.8,15.2,16.4,17.0,18.8,19.1,20.5,21.0,22.1,25.3,25.8,27.1,27.9,28.2,28.6,28.7,29.1,29.1,30.1,30.5,31.2,31.6,32.0,32.3,35.5,36.0,36.3,39.0,40.6
1975-02	-0.7,1.6,3.9,4.9,10.5,10.8,12.2,15.7,15.8,16.0,16.7,18.6,18.8,19.4,21.0,21.8,23.3,23.4,24.0,24.8,27.9,28.4,31.9,32.0,32.3,33.7,37.7,37.7
1975-03	13.2,13.8,15.1,16.1,19.4,20.7,20.7,21.6,23.0,23.2,23.9,24.3,24.4,24.5,27.1,27.4,28.2,28.4,31.7,35.0,35.9,37.6,37.7,39.8,40.3,42.4,42.7,43.4,44.7,52.6,53.8
1975-04	11.5,15.0,23.0,36.3,36.8,37.1,38.2,38.6,40.1,40.1,41.4,41.7,42.1,42.2,42.6,43.9,44.1,44.6,47.6,48.5,50.0,50.2,53.1,53.3,56.9,57.3,58.5,58.9,71.9,73.9
1975-05	48.4,50.7,51.8,51.9,52.4,53.9,54.8,55.0,55.1,55.2,55.6,56.2,56.4,56.9,57.8,57.9,58.9,59.6,60.1,60.2,61.3,62.6,66.3,66.5,67.7,68.3,71.6,71.8,73.2,75.2
1975-06	54.6,56.5,57.8,59.8,60.6,61.3,62.0,62.2,63.1,63.3,65.8,65.9,66.8,66.9,67.3,68.3,68.8,69.3,69.4,69.9,70.7,72.0,72.3,72.8,76.0,76.6,79.1,79.5,82.9,83.7
1975-07	64.2,64.7,67.2,70.5,70.9,71.6,71.8,72.0,72.8,74.5,74.6,76.4,77.2,78.9,79.2,81.3,81.4,81.7,82.6,83.1,84.6,84.8,84.9,85.4,85.7,86.1,86.2,86.2,87.4,87.9,88.0
1975-08	64.3,65.3,65.8,66.4,66.8,69.1,69.7,71.5,72.8,73.4,73.7,74.1,74.2,74.4,74.5,75.0,75.2,76.4,76.7,77.3,77.3,78.5,78.9,79.2,79.3,80.6,80.8,82.1,82.1,82.9,84.6
1975-09	48.3,49.5,50.1,51.0,51.9,52.2,52.4,52.6,53.0,55.2,55.6,56.4,57.0,58.1,58.8,59.7,62.1,62.6,62.7,63.2,65.9,66.4,66.5,68.8,69.3,70.7,74.3,74.8,74.9,76.9
1975-10	33.6,33.9,36.4,40.7,43.3,44.3,45.3,46.3,47.5,47.8,48.0,48.8,49.5,50.7,51.1,51.8,52.9,53.2,53.6,57.0,57.2,58.4,58.7,59.3,62.6,62.9,63.9,67.4,69.0,71.8,76.7
1975-11	-2.8,3.1,5.1,6.1,11.4,11.8,12.4,14.0,16.3,17.1,24.1,29.5,30.1,30.5,30.7,34.2,37.1,40.7,41.5,42.9,44.5,46.8,47.8,47.8,49.0,50.9,51.9,52.7,54.4,57.5
1975-12	-4.3,6.9,7.0,9.5,12.4,15.9,16.7,22.8,23.2,23.3,23.6,23.9,25.4,25.9,25.9,25.9,27.7,28.7,29.0,29.1,29.5,30.1,31.4,32.4,32.8,33.8,35.3,35.6,36.7,36.7,37.1
1976-01	-13.1,-8.5,-4.4,0.1,9.3,9.6,9.9,10.6,11.1,16.0,17.6,18.3,22.5,22.5,23.3,23.8,24.3,25.6,27.4,30.2,31.0,31.9,32.3,33.0,33.1,33.2,34.8,36.2,37.5,37.6,40.7
1976-02	-0.1,1.3,5.5,21.7,22.4,24.5,29.1,29.6,31.6,32.7,33.9,34.1,36.6,37.5,37.5,38.1,38.3,39.0,39.6,40.2,40.9,41.1,42.5,44.6,44.9,45.2,46.5,46.8,47.3
1976-03	4.8,7.0,9.4,17.5,18.6,21.8,23.6,26.1,27.0,27.4,29.6,31.9,32.2,33.4,33.8,35.6,36.4,37.3,37.4,38.2,39.1,39.8,40.1,40.3,45.6,46.7,46.9,47.1,52.4,53.0,53.1
1976-04	35.5,39.3,40.4,41.2,42.8,42.9,43.5,43.6,43.9,45.1,45.8,45.9,45.9,47.2,47.6,48.8,49.0,49.2,49.7,50.3,50.4,51.2,53.0,53.4,53.7,56.1,56.4,57.2,58.5,62.0
1976-05	39.5,42.3,44.5,45.9,48.3,48.6,49.9,50.3,51.0,51.8,52.7,53.2,53.4,55.4,57.4,57.5,58.3,58.5,58.8,60.5,61.1,62.0,62.1,62.1,62.9,63.6,64.0,64.3,65.3,68.4,69.4
1976-06	52.3,54.1,58.4,59.2,60.8,61.2,63.2,63.5,63.6,64.0,65.4,67.5,68.3,68.4,68.6,69.9,70.5,71.2,71.8,72.0,72.3,73.0,73.0,73.4,75.7,76.8,78.8,79.2,80.2,80.4
1976-07	61.7,65.6,65.6,66.5,67.4,69.1,71.0,71.4,71.8,72.5,73.7,74.2,74.4,74.9,75.0,75.1,76.9,77.0,77.8,78.7,78.7,79.1,80.3,80.5,81.8,82.4,82.6,83.2,83.3,83.5,87.9
1976-08	60.9,61.9,64.0,67.3,68.2,68.5,69.4,70.1,70.8,71.0,71.1,72.5,72.6,72.6,72.8,72.9,73.8,74.1,74.8,76.3,77.6,78.1,78.3,78.7,79.8,79.9,80.1,81.6,83.0,83.0,84.3
1976-09	42.7,43.2,50.6,50.9,51.4,52.7,52.8,53.7,54.0,56.1,56.3,58.3,59.9,60.7,60.9,62.4,65.2,65.8,65.9,66.7,67.0,68.1,68.5,72.6,72.8,72.9,73.6,74.3,75.1,77.0
1976-10	30.3,31.0,31.6,31.8,32.0,32.2,34.0,34.3,34.9,35.1,35.5,36.9,40.3,40.6,41.0,41.0,42.1,43.1,44.0,46.6,48.9,50.8,52.1,53.5,56.7,57.2,58.2,61.2,63.3,64.8,69.2
1976-11	-7.1,-2.5,-2.0,9.2,14.6,15.5,19.4,19.5,22.1,24.3,24.4,24.9,25.2,26.5,27.5,29.0,29.0,29.7,33.0,35.9,36.2,38.9,39.6,40.0,42.8,43.3,45.0,45.5,45.6,46.0
1976-12	-1.2,4.5,8.3,13.4,15.0,15.8,16.9,17.2,17.9,17.9,19.5,20.4,23.3,23.3,23.5,24.9,26.4,28.8,29.5,29.6,29.9,30.0,30.2,30.8,30.8,33.4,33.7,34.1,35.4,38.6,42.3
1977-01	-8.7,-5.7,-5.6,-3.6,-3.0,-2.3,1.0,2.6,3.0,3.1,3.9,3.9,4.2,4.4,5.2,6.0,11.9,12.0,12.1,17.0,18.9,23.5,24.7,25.3,25.9,26.6,27.7,28.0,28.6,31.0,31.5
1977-02	10.3,17.8,20.4,21.7,22.4,22.7,23.0,23.1,26.2,26.3,27.1,30.7,31.6,31.7,32.0,32.2,32.2,32.8,33.7,34.0,34.4,34.6,34.9,35.7,37.4,40.8,41.0,42.0
1977-03	12.1,16.2,19.2,22.2,22.2,22.9,23.7,25.7,26.4,26.7,28.9,30.2,31.1,32.2,32.9,33.2,33.5,33.9,34.1,34.5,34.7,37.3,37.7,39.2,41.9,42.4,42.8,43.0,44.1,46.1,50.4
1977-04	28.4,30.9,32.0,34.4,38.0,40.3,43.2,43.2,43.3,43.6,46.6,48.5,48.8,49.4,49.8,53.9,54.6,55.2,55.7,55.9,57.2,57.2,58.4,58.6,59.0,59.4,61.4,64.1,66.2,66.2
1977-05	53.6,54.5,54.9,55.5,55.7,58.6,58.8,59.1,59.1,59.7,59.8,60.8,60.9,61.9,62.3,62.3,63.0,63.3,63.4,64.1,64.8,64.8,65.7,66.0,66.8,66.9,68.9,69.2,70.7,71.0,71.8
1977-06	62.5,63.5,63.6,64.8,65.8,66.2,66.2,66.6,66.9,67.7,68.5,69.3,69.4,69.9,70.0,70.7,71.3,73.0,73.2,73.2,73.5,75.5,75.6,76.0,76.5,76.5,76.9,78.1,78.5,79.9
1977-07	65.0,65.7,66.4,67.6,67.8,68.0,68.6,68.8,69.0,69.4,70.9,70.9,71.3,71.8,72.0,73.1,73.4,73.8,74.0,75.4,76.5,76.6,76.8,77.4,78.8,80.1,82.2,82.3,84.4,84.9,88.0
1977-08	55.5,57.8,59.2,61.6,63.6,64.1,64.3,64.5,64.6,64.6,64.8,65.0,65.1,66.3,66.5,67.1,67.2,68.0,68.2,69.3,69.5,69.8,70.0,70.0,70.8,70.8,70.9,70.9,71.4,71.9,74.2
1977-09	52.3,53.4,54.4,54.5,55.1,55.5,56.6,57.1,57.1,57.2,58.1,58.8,59.2,59.9,59.9,60.1,61.7,62.1,63.8,64.5,64.9,65.5,66.0,67.8,68.5,68.8,70.9,73.0,73.6,74.3
1977-10	36.1,38.1,40.1,41.2,42.0,42.1,43.0,43.1,44.6,45.1,45.3,46.7,46.7,46.9,48.2,48.3,48.4,48.6,49.6,49.7,50.0,50.1,50.8,51.1,51.4,51.6,51.7,52.4,53.0,58.4,62.1
1977-11	11.2,14.6,20.3,20.7,22.6,23.7,26.2,27.6,27.7,28.2,30.0,30.2,30.7,32.6,33.2,34.3,34.3,37.2,38.1,38.5,39.9,40.6,41.5,42.9,43.8,44.1,45.0,48.6,49.9,52.0
1977-12	-11.1,-2.1,5.0,5.9,6.1,6.2,10.8,11.3,11.8,12.2,13.5,14.0,16.1,16.9,16.9,18.0,20.5,23.3,23.9,24.1,26.6,29.6,29.9,29.9,30.3,30.5,33.4,34.8,36.9,37.1,38.3
1978-01	-7.3,-3.3,-3.2,-3.0,-2.8,-2.2,-0.7,-0.3,-0.1,1.6,2.9,4.6,4.9,6.9,7.4,7.6,8.4,8.7,10.1,10.1,10.7,10.9,11.1,12.3,15.7,17.6,17.9,18.6,19.3,20.2,34.0
1978-02	-9.6,-3.5,-2.4,-0.5,0.5,1.9,4.1,5.2,5.6,6.2,8.5,8.7,8.9,10.0,10.7,11.0,14.4,14.5,14.7,17.0,17.0,17.5,18.1,19.4,25.0,25.4,30.9,31.9
1978-03	-3.4,0.1,2.9,11.7,18.1,19.5,20.8,26.0,27.3,28.1,28.4,30.5,30.9,31.2,32.4,33.3,33.3,34.8,34.8,36.8,36.9,39.0,41.6,42.7,43.2,44.6,47.4,48.3,50.0,60.2,62.4
1978-04	32.5,34.4,34.7,34.9,35.8,37.3,38.2,39.4,40.2,40.9,41.9,42.1,42.3,42.4,42.4,43.3,43.5,43.8,45.1,45.3,46.6,47.3,48.3,51.5,52.4,53.0,53.2,53.5,55.9,56.1
1978-05	41.3,42.7,44.3,46.5,47.0,48.6,48.7,49.4,49.8,50.3,53.5,54.7,55.5,55.7,57.7,57.8,59.2,59.5,60.8,61.4,61.4,61.8,62.0,64.4,65.4,65.6,65.8,66.0,70.1,72.6,74.7
1978-06	50.2,53.1,58.1,59.0,59.7,59.9,60.0,61.2,61.9,63.2,63.5,64.5,65.2,65.7,66.4,67.7,67.8,68.9,70.3,71.8,73.6,74.2,74.7,75.4,77.7,78.8,79.4,80.3,80.7,81.6
1978-07	62.5,63.4,64.5,65.1,65.3,65.4,65.6,66.1,67.1,68.7,69.5,69.7,70.2,70.5,71.7,72.0,73.1,73.2,73.2,73.6,76.3,76.4,76.5,76.7,76.7,76.8,78.7,78.8,80.2,80.8,81.1
1978-08	54.1,57.7,59.7,61.3,61.5,61.8,62.1,63.5,63.6,67.4,67.4,68.3,69.4,70.3,70.8,70.9,71.2,71.5,71.7,72.3,73.9,74.3,75.1,75.2,75.2,75.6,76.0,76.6,77.0,81.4,82.8
1978-09	47.6,47.7,50.4,51.9,53.7,53.8,54.6,57.5,58.3,59.7,60.8,61.7,62.3,63.9,65.0,65.1,68.0,68.4,68.9,72.5,75.1,75.8,75.9,76.2,76.8,78.0,79.2,79.4,80.6,81.1
1978-10	31.1,35.5,36.1,37.9,39.5,39.8,40.7,41.6,43.2,43.9,44.7,45.1,45.1,46.7,46.7,47.3,47.9,48.6,48.9,49.0,49.7,50.0,50.9,51.3,56.0,56.4,56.6,58.5,59.1,62.0,62.9
1978-11	6.8,6.8,11.8,13.7,15.6,19.8,19.9,20.0,20.9,22.1,23.5,23.8,24.1,24.8,25.6,26.3,27.4,27.6,28.3,28.7,29.4,34.0,41.1,43.7,48.0,48.8,49.1,50.0,52.0,53.4
1978-12	-14.0,-6.4,-3.2,-3.1,-1.1,0.3,2.4,2.5,5.5,6.9,8.1,13.1,15.5,16.6,17.5,18.0,18.5,19.7,20.5,20.6,21.8,22.3,22.6,23.3,23.6,24.5,25.0,26.1,26.7,26.8,30.9
1979-01	-16.5,-14.0,-11.2,-8.5,-8.3,-6.4,-5.7,-5.1,-2.5,-2.1,-1.1,-0.4,-0.2,0.1,1.2,2.8,3.3,3.7,4.1,5.0,5.4,7.4,10.2,12.4,13.2,18.6,19.1,19.5,23.1,23.7,24.3
1979-02	-12.6,-7.6,-5.3,-5.3,-2.8,-0.8,0.5,1.3,4.2,4.8,10.0,10.8,11.8,13.9,15.7,19.4,19.5,19.8,20.1,20.1,21.0,21.1,26.7,29.6,30.1,31.1,31.5,35.8
1979-03	12.7,16.3,18.5,23.4,25.8,27.1,29.1,29.1,29.2,29.6,29.8,31.3,31.3,31.5,32.1,32.1,32.4,32.7,32.7,32.9,33.3,33.6,37.5,38.2,38.5,39.2,39.8,40.4,45.0,45.2,52.4
1979-04	25.7,28.2,29.8,30.4,32.3,33.1,34.5,35.9,36.9,39.5,41.2,41.3,41.7,42.1,42.2,42.7,44.8,46.0,46.7,48.3,51.1,52.2,54.4,56.0,56.4,58.1,59.6,60.1,64.5,65.0
1979-05	31.4,35.6,39.0,44.1,44.3,47.2,47.9,48.9,50.1,51.4,51.9,51.9,53.2,54.1,54.3,54.8,55.2,55.4,56.5,57.6,57.7,62.8,63.3,63.5,64.2,64.4,65.0,65.2,65.9,66.1,74.3
1979-06	52.3,55.8,56.1,56.2,57.4,59.4,60.1,60.5,61.4,63.5,64.9,65.7,67.0,67.7,68.6,68.8,68.9,69.6,69.9,70.2,70.6,72.2,72.2,73.7,73.7,74.5,74.6,77.4,79.3,87.1
1979-07	57.8,62.6,63.2,63.5,64.7,67.0,67.6,68.9,69.9,70.1,70.6,70.6,71.2,71.7,72.9,73.0,73.2,73.9,75.4,75.9,76.3,76.5,76.8,77.1,79.3,79.5,79.5,79.6,81.0,81.5,81.7
1979-08	57.1,59.2,60.9,62.5,64.5,64.6,65.3,65.4,65.4,65.7,66.5,66.6,67.8,68.0,68.1,68.2,68.2,70.5,70.6,75.4,75.6,75.9,76.3,76.5,77.1,77.3,77.5,79.6,82.4,83.1,84.3
1979-09	52.1,52.2,53.9,55.2,56.7,60.0,60.5,61.2,62.0,62.7,63.1,63.6,64.2,64.3,64.9,65.3,66.4,67.3,67.4,69.5,69.5,69.9,70.1,71.6,73.3,73.8,76.2,77.7,82.3,82.8
1979-10	33.2,35.9,37.0,37.1,41.4,41.7,42.4,42.6,44.1,44.4,46.5,46.5,46.7,47.0,49.0,49.0,50.5,50.8,51.4,53.3,53.5,54.4,54.5,55.4,56.1,56.2,56.3,56.4,56.5,61.5,65.2
1979-11	14.8,15.3,17.6,18.2,19.8,22.3,22.8,23.4,25.5,26.0,26.1,26.1,26.4,26.7,28.0,30.5,30.8,30.9,31.1,31.7,32.0,32.3,32.4,32.5,32.6,37.7,39.0,39.7,41.1,43.4
1979-12	-3.1,17.8,18.9,19.2,21.2,23.3,23.9,25.2,27.6,27.8,28.1,28.7,29.1,30.8,30.8,31.1,33.3,33.5,35.1,35.1,35.3,35.5,35.7,36.1,36.3,37.4,37.6,39.6,41.2,45.0,45.0
1980-01	-8.2,-4.0,-1.6,0.0,1.1,1.7,3.0,3.6,3.9,14.7,15.1,18.6,21.3,21.5,22.9,23.1,23.4,23.7,23.7,23.7,24.1,24.2,25.8,28.3,30.2,31.1,31.4,34.7,40.6,42.8,44.5
1980-02	0.4,1.4,4.2,8.2,9.9,10.2,11.9,16.1,16.6,17.9,20.2,20.7,22.1,24.5,25.8,27.9,28.4,29.6,30.3,30.5,30.8,30.9,32.3,33.7,36.0,36.0,38.5,40.8,40.8
1980-03	-7.9,6.8,15.4,16.6,17.7,19.7,27.0,27.2,28.9,29.7,30.3,30.7,30.8,30.9,31.3,31.6,31.9,32.1,32.2,32.4,33.9,34.4,35.6,35.7,38.3,38.5,39.5,40.5,40.6,41.0,50.7
1980-04	33.1,34.2,34.5,35.7,38.5,38.8,38.8,39.1,39.3,40.3,41.9,44.4,45.0,45.9,47.0,47.1,48.3,49.8,50.3,50.4,50.8,50.9,54.1,56.3,58.7,60.1,64.0,67.3,68.7,75.5
1980-05	41.7,44.5,45.6,45.9,46.2,46.3,50.5,53.0,53.0,54.1,54.7,56.5,56.5,57.3,57.8,58.2,59.9,60.2,60.3,61.0,61.3,62.1,65.5,66.7,67.1,67.1,69.9,70.3,71.1,71.2,71.5
1980-06	54.9,58.5,60.6,61.2,61.5,62.3,63.8,64.5,65.0,65.1,65.5,66.7,67.4,68.1,70.3,70.4,71.7,71.8,71.9,72.6,74.2,75.3,75.7,77.5,77.6,78.3,78.3,79.0,79.3,84.4
1980-07	68.1,70.5,71.2,71.6,72.4,73.9,74.3,74.5,75.4,75.8,76.3,76.6,76.7,77.1,77.2,77.3,77.5,77.6,78.0,78.1,78.3,80.3,80.7,81.7,81.9,82.4,82.7,83.0,83.1,83.5,83.6
1980-08	59.4,59.9,62.8,64.4,65.1,66.4,66.9,67.1,67.4,68.0,68.0,69.4,70.3,70.4,72.1,72.8,72.9,73.3,73.4,75.8,76.5,76.7,77.1,77.8,78.1,78.8,78.8,79.0,83.3,83.4,84.5
1980-09	47.8,50.5,53.7,55.4,56.3,56.4,57.2,57.8,57.9,58.0,58.5,59.8,59.9,61.2,61.8,62.3,63.1,63.3,64.0,65.5,66.2,66.8,67.2,69.2,70.7,72.0,75.4,77.7,79.0,81.1
1980-10	25.4,28.8,29.9,32.8,34.4,35.5,37.9,38.8,39.1,41.5,42.6,44.3,45.6,45.9,46.3,46.5,48.4,48.7,49.6,49.9,50.3,50.5,51.7,55.8,59.1,59.6,61.3,63.1,63.4,63.6,66.3
1980-11	22.0,23.8,25.4,27.8,28.2,29.5,29.8,30.0,31.1,31.1,32.7,33.0,33.7,34.2,34.9,35.4,39.7,41.5,41.6,42.7,44.7,44.9,45.1,45.7,47.8,48.4,50.5,51.6,52.5,56.9
1980-12	-0.8,3.2,4.7,9.9,15.5,17.3,17.9,18.1,18.3,19.0,21.6,22.2,26.2,27.0,28.5,29.3,31.1,32.7,33.1,33.6,35.8,36.2,37.0,38.5,39.5,39.9,41.5,42.5,44.0,44.5,45.5
1981-01	11.2,14.5,15.8,17.8,20.6,20.8,20.9,21.9,22.5,22.6,23.1,24.5,24.9,25.6,26.7,27.8,28.0,28.2,28.9,30.7,30.8,31.5,32.4,33.2,33.3,33.9,34.5,34.8,36.3,39.0,42.5
1981-02	-10.1,-4.3,3.8,4.8,6.2,8.1,10.3,11.5,15.5,15.9,19.7,21.7,30.9,34.0,34.9,37.0,37.3,37.7,38.2,39.2,39.6,40.5,41.7,42.6,42.9,43.4,44.0,44.2
1981-03	27.0,28.2,30.4,31.1,31.7,32.1,32.1,32.4,33.8,34.2,34.2,34.6,34.7,35.2,35.6,36.4,40.3,40.6,40.9,41.5,43.8,44.1,44.2,44.4,44.6,45.2,45.3,45.6,46.1,48.1,51.1
1981-04	37.7,40.8,41.0,43.7,44.9,47.6,48.8,49.4,50.1,50.2,50.4,51.0,51.0,51.9,53.5,54.4,54.4,55.7,57.1,58.1,58.3,59.2,59.4,60.1,60.1,61.9,62.0,66.8,67.3,71.3
1981-05	42.2,46.2,46.8,47.4,48.7,49.6,49.7,49.9,50.0,50.8,51.1,51.3,51.5,52.4,52.8,54.6,54.7,54.8,55.5,57.6,59.2,59.7,59.8,60.1,60.9,60.9,61.0,63.2,65.5,69.4,69.7
1981-06	57.1,59.0,59.8,60.5,61.4,62.7,62.7,65.6,65.9,66.0,66.0,66.6,67.6,68.0,68.5,69.1,69.7,69.8,69.9,70.2,70.2,70.8,71.2,72.8,72.9,74.0,76.8,77.6,77.8,78.9
1981-07	55.4,56.1,59.5,65.5,68.2,69.0,70.1,70.5,71.5,72.3,72.5,73.0,73.1,73.2,74.0,74.2,74.3,74.4,74.6,74.9,75.7,76.7,77.3,77.9,79.1,81.5,81.5,81.6,82.3,83.7,86.1
1981-08	61.8,63.1,63.4,64.4,64.7,65.3,67.2,67.4,67.5,67.8,68.4,68.8,69.4,69.6,70.0,71.1,71.3,71.6,71.7,72.2,72.3,72.7,73.2,73.6,74.6,75.1,76.2,77.0,78.1,78.3,79.8
1981-09	46.7,47.3,51.2,52.5,55.3,56.9,57.2,58.2,59.7,59.9,60.1,60.2,61.1,61.7,62.1,62.5,63.4,63.8,64.6,64.8,64.9,66.1,69.9,70.1,70.2,70.7,71.2,71.5,72.5,73.7
1981-10	25.4,27.2,32.2,36.2,40.5,40.9,41.2,41.9,42.4,44.9,45.0,45.7,46.3,47.8,48.5,49.6,49.7,50.3,50.4,51.5,51.5,53.2,54.1,54.4,54.6,55.0,55.2,55.7,57.1,61.1,61.3
1981-11	20.8,21.0,25.1,26.0,27.3,31.0,31.2,31.3,32.5,32.9,34.8,37.3,38.8,38.9,39.6,39.9,40.2,40.6,41.7,43.3,44.2,45.8,46.2,46.4,46.8,50.0,50.6,50.8,52.0,54.4
1981-12	3.4,7.0,7.8,9.5,10.3,12.7,13.2,17.5,17.6,19.7,19.9,20.0,20.1,21.1,22.0,23.6,24.3,25.2,28.3,28.9,29.1,30.0,30.0,30.1,30.8,31.6,32.9,35.0,35.8,38.4,39.0
1982-01	-17.8,-10.5,-10.3,-9.8,-5.9,-3.7,-0.5,-0.1,0.0,0.5,0.9,4.6,5.2,6.3,8.8,9.5,11.5,14.3,14.9,15.0,16.6,17.3,17.8,18.2,19.8,26.5,27.1,28.1,30.5,31.5,40.3
1982-02	-11.1,-5.4,-5.4,-5.1,2.4,6.3,9.6,11.3,12.6,14.2,19.9,21.8,27.0,27.3,30.3,30.4,34.5,36.3,37.6,38.9,40.3,40.4,41.9,42.5,46.0,46.5,48.0,50.8
1982-03	11.5,17.8,18.2,20.1,20.3,25.4,26.7,27.8,28.6,30.2,31.6,32.5,33.8,34.8,36.6,36.7,38.1,38.1,38.4,39.1,41.4,42.0,43.4,43.6,43.7,44.0,45.2,45.8,46.3,47.1,51.5
1982-04	24.3,26.2,26.8,27.5,27.9,28.6,29.6,36.9,37.0,38.7,41.4,41.7,42.1,42.1,43.5,43.7,44.5,44.5,48.6,49.4,50.4,53.3,53.9,55.0,56.5,58.1,60.4,61.8,61.8,64.6
1982-05	45.1,47.2,47.2,49.0,50.0,52.7,53.3,53.7,53.9,54.2,54.7,54.9,55.0,55.1,55.7,56.5,57.1,58.5,58.5,59.4,59.8,61.3,61.7,62.0,62.4,62.6,63.7,63.7,65.3,65.6,70.3
1982-06	50.5,51.2,52.5,57.2,57.6,57.7,57.7,58.6,58.8,60.0,60.6,60.8,61.8,61.9,62.7,62.7,63.2,63.8,64.6,65.3,65.4,65.9,66.0,66.1,66.6,67.3,67.6,68.0,72.3,76.5
1982-07	64.6,65.6,67.8,68.4,69.2,69.7,69.8,70.0,71.1,71.3,71.7,71.9,71.9,72.3,72.6,74.8,75.0,75.2,75.3,76.3,76.6,76.7,76.8,77.9,80.6,80.8,81.4,81.6,81.9,82.6,84.0
1982-08	57.0,61.9,62.7,63.1,64.9,66.6,69.5,70.5,70.8,70.9,71.8,71.8,72.3,72.4,72.4,73.0,73.5,74.0,75.8,75.9,76.3,76.4,76.7,77.0,77.3,77.4,77.7,78.1,78.1,82.2,86.0
1982-09	46.7,47.6,48.1,48.7,50.1,51.7,52.1,52.8,53.6,54.1,54.9,55.2,56.0,57.2,60.7,62.0,62.7,63.9,64.7,64.9,66.1,66.1,67.4,69.3,70.7,71.0,72.3,74.2,75.4,75.5
1982-10	33.0,35.4,37.5,39.6,40.2,40.3,40.5,41.5,42.5,43.1,43.5,43.6,44.0,44.6,45.3,47.0,48.2,48.8,49.5,49.8,50.0,50.3,51.0,51.7,52.5,53.1,54.3,54.8,58.0,58.6,59.3
1982-11	16.3,21.4,22.1,22.2,22.3,22.4,23.8,24.0,26.1,27.2,27.7,27.7,28.3,29.5,31.8,33.5,33.5,33.8,34.0,34.7,35.2,35.2,36.6,37.1,40.5,40.7,41.1,41.3,41.3,43.5
1982-12	6.0,13.7,14.5,14.8,15.1,16.8,17.4,18.6,19.6,20.0,20.8,22.4,22.9,24.0,24.0,28.5,28.5,28.6,29.0,32.7,32.8,33.6,35.0,37.6,38.0,38.1,38.8,39.1,39.3,41.1,41.8
1983-01	16.3,18.2,20.9,23.4,23.5,23.8,24.7,25.0,25.2,26.2,26.6,27.5,27.9,28.7,28.8,29.3,29.5,29.7,30.6,31.3,31.3,31.3,32.4,32.8,35.9,36.2,37.8,38.2,38.7,39.4,39.5
1983-02	12.1,15.0,15.5,21.1,23.3,23.3,27.2,27.9,30.2,31.4,32.2,34.1,34.5,35.1,35.1,35.8,37.3,38.8,39.3,39.6,40.2,41.2,42.1,44.5,44.8,44.8,45.2,45.6
1983-03	16.4,21.7,22.0,24.8,25.8,26.4,27.4,27.7,28.4,28.9,29.8,30.0,30.2,30.8,31.6,34.3,34.9,35.3,35.9,40.1,40.1,40.4,41.6,42.1,42.3,45.3,46.2,47.0,48.6,50.5,51.9
1983-04	28.7,28.7,30.5,31.5,31.9,32.5,32.9,33.1,33.1,37.8,37.8,38.3,39.2,39.2,39.2,40.2,40.9,43.1,45.6,45.7,45.7,47.0,47.0,47.3,47.8,49.4,50.4,52.2,55.1,59.8
1983-05	42.1,42.4,42.4,43.2,44.5,46.2,46.5,46.7,48.0,49.6,50.0,50.3,50.6,50.9,50.9,50.9,51.6,53.2,56.4,56.4,56.9,57.1,58.7,58.9,59.7,60.9,61.3,63.3,67.1,70.2,70.9
1983-06	52.9,54.4,55.4,57.5,58.4,58.5,59.2,59.3,60.0,60.7,61.2,61.3,61.6,61.7,62.0,62.4,63.9,64.8,67.8,67.9,69.8,69.9,71.0,72.1,73.3,74.1,74.9,76.7,76.9,80.1
1983-07	61.6,65.5,66.2,66.4,67.9,68.9,68.9,70.9,72.0,73.1,73.6,73.6,74.1,74.1,74.9,75.4,76.0,76.9,77.4,78.0,78.2,80.4,80.9,81.4,81.9,81.9,82.4,83.0,83.4,83.4,86.4
1983-08	69.9,72.5,73.1,74.2,74.2,74.4,74.5,76.3,76.4,77.0,77.1,77.5,77.6,77.9,78.3,78.4,78.4,78.6,78.6,79.3,79.3,79.7,79.9,79.9,80.4,80.7,80.8,81.3,81.4,81.7,82.3
1983-09	38.5,42.0,44.1,50.1,51.3,53.1,54.8,57.4,57.6,59.9,61.3,62.6,62.7,63.0,64.2,64.2,64.3,64.3,64.9,66.0,68.0,68.9,68.9,69.7,74.7,75.7,78.6,80.5,80.7,83.5
1983-10	36.8,38.0,41.7,42.1,42.7,43.1,43.7,44.5,46.4,46.8,48.0,48.4,48.6,48.9,50.1,50.2,50.3,50.4,51.6,52.2,52.2,52.7,52.8,53.4,53.9,56.2,56.3,58.8,58.9,60.3,60.4
1983-11	9.8,15.3,17.2,18.7,20.7,21.3,21.5,22.6,26.3,26.8,27.8,28.1,31.4,31.9,35.1,35.3,37.5,37.7,39.7,39.9,42.5,45.2,46.4,48.6,48.8,52.7,53.1,54.1,54.4,55.4
1983-12	-21.9,-19.7,-18.9,-17.8,-14.9,-11.8,-6.5,-4.7,-3.9,-2.1,3.1,3.7,3.8,4.6,10.2,10.3,11.1,12.7,14.1,14.5,14.5,15.7,15.8,18.1,18.8,19.6,19.8,20.5,22.8,25.9,29.3
1984-01	-9.0,-7.6,0.6,0.6,3.5,5.3,8.0,9.4,9.5,12.6,17.3,17.5,24.2,26.2,27.3,29.7,30.3,30.4,30.8,30.8,31.2,33.2,34.1,35.3,35.4,36.4,36.7,37.9,39.0,39.1,42.5
1984-02	15.8,17.2,22.4,24.5,24.8,25.5,26.7,29.8,30.1,30.6,31.3,31.6,32.7,32.8,33.1,33.8,34.0,34.0,35.9,35.9,36.1,36.3,36.5,37.4,37.9,38.1,39.5,40.0,40.9
1984-03	12.2,22.5,22.6,23.5,23.9,24.5,24.7,26.1,26.2,27.7,28.7,30.0,31.5,32.0,33.2,33.6,33.7,34.6,34.9,35.3,37.2,38.1,38.2,38.3,38.7,39.8,40.3,40.5,45.4,47.5,48.3
1984-04	33.8,34.1,34.3,34.4,34.7,36.8,39.3,39.4,39.8,40.9,41.0,41.9,42.3,42.5,43.2,43.5,45.5,45.5,46.3,46.4,46.6,47.1,47.1,48.5,48.8,48.9,49.3,49.7,51.0,51.6
1984-05	38.2,42.9,44.6,46.1,46.4,47.3,47.4,47.8,48.3,49.0,50.6,52.0,53.4,55.4,56.4,57.0,58.8,59.4,61.9,62.1,63.1,64.1,64.4,65.0,65.1,65.3,65.3,66.6,69.9,73.6,74.7
1984-06	52.8,56.5,60.2,60.4,61.5,62.5,63.9,64.8,65.2,65.5,65.9,66.5,66.6,66.8,67.2,68.5,68.6,69.8,71.2,72.2,72.9,73.0,73.8,74.0,74.1,74.9,75.1,75.6,75.9,79.3
1984-07	65.9,67.3,67.3,67.5,68.3,68.4,69.2,69.4,69.8,69.8,70.5,71.6,71.8,72.2,72.9,73.0,73.9,74.1,74.5,74.7,75.2,75.3,75.3,75.6,75.8,76.8,77.8,78.5,80.3,81.5,85.1
1984-08	67.4,67.7,67.8,68.6,69.5,71.5,71.8,72.1,72.4,73.0,73.1,74.1,74.2,74.4,74.6,74.8,74.9,75.6,75.7,75.8,76.1,77.3,77.3,77.5,78.2,78.5,79.4,79.6,79.9,80.8,81.1
1984-09	35.3,35.6,37.2,37.7,40.1,41.8,43.0,48.1,49.6,55.8,56.6,57.9,58.4,59.3,62.2,62.7,62.8,63.4,64.1,64.6,64.9,65.0,67.3,68.6,68.8,69.5,71.2,71.8,73.7,75.3
1984-10	30.8,32.5,33.4,34.3,34.3,35.9,35.9,36.8,39.3,40.4,40.9,43.9,44.5,45.1,46.0,48.2,50.0,52.8,52.9,54.2,54.3,54.7,55.3,55.5,57.8,60.1,60.6,63.2,63.3,64.0,66.0
1984-11	22.7,23.6,25.3,26.6,27.2,27.4,27.9,29.9,31.8,32.8,33.1,33.3,34.1,34.2,34.9,34.9,35.8,36.4,37.0,37.3,37.4,38.7,40.6,43.0,43.3,43.8,44.8,46.3,50.1,55.7
1984-12	1.2,2.8,7.2,9.5,11.4,13.8,13.8,15.0,15.2,17.2,18.1,18.4,19.3,20.0,20.1,20.5,21.3,22.4,24.2,24.4,25.2,28.5,28.9,29.1,30.1,30.9,32.6,36.0,38.6,41.0,44.0
1985-01	-6.8,-4.4,-2.4,1.1,1.7,5.1,5.5,14.1,14.2,14.5,15.3,16.9,17.2,18.1,18.9,18.9,19.9,23.7,24.3,24.9,25.8,26.4,27.7,28.0,28.2,30.1,32.0,33.9,34.9,37.0,37.3
1985-02	-3.6,-3.5,-0.5,-0.3,0.7,0.8,4.8,5.2,8.3,13.8,17.7,17.8,24.1,24.7,30.6,31.3,31.7,31.8,31.9,32.4,34.5,34.8,36.0,36.5,37.0,37.8,38.8,45.0
1985-03	12.3,16.7,28.4,28.5,28.7,28.8,29.0,32.1,33.1,35.1,35.7,36.9,38.0,38.0,38.3,38.5,39.8,40.6,40.8,41.4,42.4,43.1,43.2,45.2,46.1,47.3,47.5,47.6,49.4,52.4,53.0
1985-04	33.5,33.6,35.1,35.1,39.0,39.5,40.1,43.2,46.2,46.8,47.9,50.2,51.3,51.4,51.5,51.8,52.3,52.7,53.5,55.1,59.3,60.2,61.2,62.1,62.5,62.9,64.1,66.2,66.4,72.2
1985-05	52.5,52.5,52.7,53.5,54.6,55.0,55.7,57.0,58.8,60.0,60.5,60.9,61.8,61.9,62.2,62.6,62.9,64.0,64.7,65.7,67.1,67.4,67.4,69.2,69.4,70.7,70.7,72.6,73.5,75.2,76.0
1985-06	53.2,54.0,54.2,54.7,54.8,54.8,55.3,58.2,59.1,59.8,61.5,63.0,63.6,64.0,64.4,64.5,66.4,67.3,68.0,68.8,69.6,70.8,71.0,71.5,71.5,75.3,76.0,76.6,77.5,78.9
1985-07	58.5,60.4,63.2,69.0,70.0,70.7,71.0,71.8,71.9,72.0,73.0,73.2,73.3,73.3,74.8,75.3,75.3,77.0,77.6,77.6,77.7,79.2,79.6,80.7,81.2,81.4,82.9,83.1,84.1,84.7,85.9
1985-08	60.7,60.9,61.1,61.5,61.7,61.8,61.8,61.9,62.7,64.8,66.3,66.5,67.9,68.2,68.6,70.5,70.6,70.8,71.5,72.2,72.3,73.3,73.5,73.5,73.8,74.8,75.0,75.1,76.3,77.2,78.1
1985-09	32.7,34.0,34.7,39.1,43.5,44.3,45.4,47.2,48.5,50.6,50.7,57.4,60.5,60.5,60.7,60.9,62.7,64.9,65.0,68.6,69.8,70.7,71.1,72.3,72.4,73.1,73.3,73.9,74.0,75.3
1985-10	33.6,37.5,39.3,39.3,40.1,41.8,42.3,42.9,45.4,46.1,47.1,47.7,48.3,48.3,48.9,49.3,49.7,50.0,50.6,50.7,50.9,52.5,53.1,53.7,54.8,55.5,55.9,57.4,57.6,63.3,63.3
1985-11	-5.1,-4.1,1.3,2.0,2.1,2.7,6.1,6.5,7.8,7.8,12.2,17.8,18.6,18.7,20.3,21.1,22.9,23.2,25.0,25.2,25.3,26.3,30.1,34.7,37.0,41.2,41.3,42.9,43.3,53.2
1985-12	-12.1,-6.7,-2.9,-1.0,1.1,2.5,5.4,10.3,11.0,12.1,12.5,14.7,17.0,17.3,20.8,21.4,21.7,23.0,23.3,23.6,24.3,24.4,24.4,24.9,27.4,28.0,33.0,33.1,35.0,35.7,36.6
1986-01	11.0,14.2,15.3,16.7,18.6,18.7,20.0,21.4,22.7,23.8,25.8,25.9,28.9,29.3,29.5,31.6,31.7,31.8,32.1,32.1,32.3,32.5,33.1,33.4,33.6,33.6,34.1,34.9,35.6,36.7,36.9
1986-02	-0.9,4.6,7.0,7.9,9.2,9.9,10.3,15.3,19.0,19.2,20.2,24.5,25.7,26.6,27.8,29.5,31.8,32.0,34.1,34.2,34.4,34.6,35.1,35.6,35.9,36.6,44.5,45.4
1986-03	20.6,24.5,29.3,32.1,32.4,32.5,33.3,34.0,34.5,35.5,36.3,38.5,38.9,41.6,41.7,42.7,43.4,43.5,43.5,43.9,44.3,44.6,44.9,50.4,51.9,53.2,53.4,57.2,58.5,61.2,61.5
1986-04	22.0,27.1,36.8,37.1,37.4,38.0,39.4,40.5,40.5,43.4,44.4,45.0,45.3,45.4,45.4,45.7,47.0,47.4,48.2,48.8,49.0,53.5,53.8,54.2,54.5,54.6,55.7,55.9,56.0,67.5
1986-05	46.8,47.1,49.1,51.0,52.2,52.5,53.2,53.2,53.6,53.8,54.1,54.5,56.2,56.6,56.9,57.3,57.9,58.2,58.5,59.4,59.7,59.9,60.9,61.8,62.0,62.0,64.8,65.7,66.0,66.8,71.8
1986-06	60.3,61.0,61.4,64.5,64.6,65.5,65.5,65.5,66.4,66.7,67.3,67.9,68.4,69.3,71.4,71.5,71.9,72.2,72.3,74.5,75.1,75.2,75.3,76.7,77.2,79.4,79.4,80.2,80.5,82.2
1986-07	65.9,68.2,68.2,68.5,68.7,69.0,70.8,71.0,71.0,71.7,72.9,73.1,73.8,74.3,75.2,75.4,75.9,76.7,77.5,77.6,77.8,78.6,78.7,79.6,80.5,80.7,80.8,81.3,82.3,82.5,84.4
1986-08	54.7,57.0,58.5,62.1,63.1,65.4,65.7,66.4,67.2,67.4,67.9,68.6,68.6,69.0,69.4,69.4,69.9,70.6,71.0,72.5,72.7,72.7,73.0,73.8,74.0,74.7,74.8,75.3,75.4,75.7,80.3
1986-09	50.5,50.7,51.0,51.4,51.6,53.2,53.7,55.0,56.0,56.3,56.5,56.8,56.9,57.5,59.9,60.3,60.3,60.4,60.8,61.7,62.4,62.8,63.3,63.4,63.6,65.1,65.2,67.1,67.2,67.8
1986-10	28.6,31.8,36.6,37.9,42.7,43.2,44.2,45.5,46.6,47.3,47.6,48.3,48.4,49.3,49.4,49.6,50.2,50.3,50.6,50.9,51.9,52.2,52.9,53.7,54.0,54.7,55.1,56.0,56.3,58.0,59.1
1986-11	4.1,4.2,8.9,10.9,17.7,25.3,25.5,26.9,27.1,30.3,30.6,30.6,33.0,33.0,33.4,33.7,34.1,35.3,36.5,38.1,40.6,40.6,41.4,41.8,42.3,43.6,44.0,44.4,46.4,48.5
1986-12	13.5,19.3,19.6,21.6,23.4,23.9,24.6,24.8,25.2,26.1,26.6,26.9,27.8,28.0,28.5,29.0,29.1,29.8,30.4,30.5,31.0,31.3,31.9,32.5,32.6,33.2,33.2,33.2,33.4,33.4,33.8
1987-01	9.3,16.4,17.0,17.8,19.7,20.2,22.0,22.4,22.6,22.6,23.7,23.7,26.6,27.2,27.8,28.4,30.0,30.7,30.9,31.0,31.7,32.2,32.4,34.5,36.5,38.0,40.7,41.5,42.3,43.1,43.6
1987-02	23.2,25.3,26.7,27.4,27.5,27.6,28.2,28.9,29.1,29.6,30.6,30.7,31.5,31.7,31.9,31.9,32.7,32.8,34.2,35.8,36.9,37.3,39.1,39.7,40.2,42.1,42.7,44.0
1987-03	15.0,16.9,18.1,18.9,21.3,25.0,27.4,27.6,30.1,30.7,31.1,31.2,31.5,32.3,32.6,32.9,32.9,33.0,34.2,34.4,34.5,36.4,37.2,37.9,40.4,42.3,44.6,45.3,45.8,50.3,56.2
1987-04	30.2,33.7,36.2,39.1,40.6,41.3,41.7,43.0,44.7,44.8,45.7,46.0,46.9,47.0,48.2,49.9,53.2,53.3,58.8,59.0,59.4,60.4,62.2,62.5,64.7,64.8,65.0,66.1,68.6,72.1
1987-05	45.7,50.7,50.8,54.1,54.5,55.0,56.5,57.4,57.7,58.7,58.9,59.8,61.6,63.8,64.5,64.6,64.7,65.3,65.4,65.8,66.6,66.8,67.1,67.3,69.8,70.8,71.6,72.2,72.8,73.2,77.1
1987-06	56.7,59.5,59.9,64.0,64.4,64.5,64.9,67.2,67.2,67.7,68.2,68.6,68.7,69.1,69.1,71.3,71.8,72.3,72.4,73.8,75.5,76.2,76.3,76.6,77.5,78.1,79.5,79.5,79.8,80.9
1987-07	58.3,60.2,68.2,68.4,69.9,69.9,71.0,71.2,71.5,72.0,72.8,73.4,73.5,73.6,74.0,74.0,74.3,77.9,78.8,79.0,80.1,80.9,81.2,82.8,83.1,83.3,84.0,85.1,85.5,86.4,88.0
1987-08	56.4,57.2,58.8,58.8,58.8,60.5,61.3,63.7,64.5,64.9,65.9,66.3,67.6,67.8,68.4,68.5,70.0,70.7,71.3,71.8,72.2,74.1,74.4,77.5,77.6,77.9,78.3,78.8,80.9,81.8,85.2
1987-09	50.2,51.1,51.3,51.5,51.6,52.4,52.4,54.0,54.4,54.6,55.3,58.0,58.4,59.2,59.9,61.2,61.9,62.0,63.9,64.5,64.8,65.7,66.4,66.5,67.1,67.2,67.8,72.1,73.7,77.0
1987-10	29.7,30.5,33.1,34.5,37.8,38.6,38.7,38.9,40.8,41.3,41.9,42.3,43.5,44.3,45.1,45.2,46.4,46.8,47.1,47.3,47.8,47.9,48.4,49.3,49.9,54.5,54.6,54.6,56.7,60.3,61.8
1987-11	18.9,20.1,27.2,28.3,28.8,29.5,29.8,30.2,30.4,30.9,31.0,31.9,36.3,36.4,37.1,37.4,37.5,37.6,40.9,41.1,41.8,43.0,43.3,44.1,45.6,47.3,51.7,53.4,54.1,54.5
1987-12	0.9,3.5,6.3,9.7,13.8,18.6,20.2,20.3,20.3,20.4,20.9,24.8,25.7,26.0,26.4,26.6,28.9,30.1,30.2,30.8,32.0,32.5,34.0,35.7,36.0,36.0,36.1,38.5,38.9,41.2,43.3
1988-01	-16.0,-15.5,-13.5,-6.1,-3.8,-1.7,0.5,2.0,2.1,2.5,3.7,7.1,10.2,16.1,16.2,16.4,18.0,18.8,19.3,19.8,19.9,21.5,23.5,25.0,27.5,28.3,29.3,31.4,32.5,33.3,36.3
1988-02	-9.6,-4.0,-1.8,-1.5,0.4,1.4,5.6,8.1,18.0,18.2,19.3,21.3,22.0,26.2,27.1,27.7,28.0,30.2,30.3,30.7,31.6,32.5,32.9,35.1,35.4,37.2,37.9,39.6,40.0
1988-03	7.6,7.9,12.4,13.0,16.6,23.8,25.6,27.1,28.4,31.2,33.4,33.9,34.3,34.8,37.2,37.2,37.7,38.1,40.7,41.2,41.8,41.8,42.3,43.8,44.4,44.9,47.2,48.2,48.7,51.8,57.8
1988-04	30.9,32.2,33.4,35.9,37.1,37.8,38.0,39.5,39.7,40.4,42.4,43.2,43.9,44.5,46.5,46.8,47.1,48.4,49.9,52.0,52.3,54.1,55.1,55.3,55.5,58.6,58.7,60.3,64.0,66.0
1988-05	40.9,44.3,49.5,49.7,49.7,50.0,50.8,51.8,52.0,55.1,55.2,57.0,58.8,59.6,59.9,61.1,61.4,61.4,63.4,65.1,66.5,68.2,68.9,69.9,72.6,73.4,74.0,74.2,74.6,75.9,76.5
1988-06	63.0,65.4,66.0,66.8,67.0,68.2,68.2,74.0,74.2,75.2,75.5,76.5,76.5,76.9,76.9,77.5,79.0,79.2,79.6,79.9,81.8,82.0,82.4,82.6,82.9,84.2,84.6,85.2,88.2,91.2
1988-07	57.1,64.8,65.2,66.2,67.1,67.2,69.3,70.4,71.5,71.7,72.3,73.0,73.5,74.5,74.6,75.1,75.2,76.2,76.5,77.4,77.5,81.3,82.4,82.6,82.8,84.6,84.8,85.6,85.9,86.6,86.7
1988-08	56.2,62.0,62.5,65.2,66.6,67.3,68.5,68.8,69.4,69.9,70.8,72.0,72.1,72.6,72.9,73.6,75.7,76.4,76.9,77.1,77.8,78.0,78.4,79.0,79.8,80.7,83.5,84.9,85.7,86.2,86.4
1988-09	46.1,50.1,50.6,50.9,50.9,51.1,53.8,54.1,56.6,56.7,56.8,57.5,59.1,59.6,61.4,61.5,62.4,63.0,63.3,64.0,64.7,65.6,66.0,66.4,69.3,69.8,70.4,72.6,74.4,75.7
1988-10	24.4,36.4,36.7,40.3,40.7,41.1,41.2,42.8,43.4,43.9,44.9,45.2,45.3,45.8,46.4,48.3,48.5,48.7,50.3,50.3,50.8,51.6,51.8,52.5,52.8,53.6,53.9,55.4,57.0,57.1,57.1
1988-11	20.6,21.2,24.4,25.1,27.1,27.9,28.2,29.0,30.9,31.3,31.5,32.1,32.8,33.2,33.5,35.7,37.5,40.0,40.4,40.5,40.8,41.0,42.2,42.4,43.3,45.3,46.8,47.0,48.1,54.3
1988-12	2.4,3.9,11.4,11.7,14.3,15.0,17.6,19.1,20.6,23.3,23.4,23.5,23.5,25.4,25.6,28.0,28.1,29.7,30.0,31.2,31.6,32.7,34.5,34.8,35.7,35.8,37.1,39.0,39.7,40.2,42.6
1989-01	4.3,12.1,14.8,18.1,18.9,19.6,20.0,20.5,20.5,21.2,23.0,24.0,25.1,27.9,28.9,29.9,30.7,31.2,32.1,32.2,32.6,32.8,33.2,35.4,35.5,35.7,37.5,38.4,38.5,40.6,47.1
1989-02	-19.8,-15.1,-14.7,-5.6,2.0,2.2,3.3,5.2,5.4,5.7,12.2,16.2,16.2,17.2,18.5,19.1,20.5,20.9,21.9,22.5,22.6,26.5,26.7,27.0,28.0,28.5,34.4,38.4
1989-03	-3.3,-0.2,1.3,2.4,4.8,9.4,15.2,18.1,23.8,25.8,25.9,26.0,29.9,32.6,36.8,37.9,38.9,39.5,39.6,41.5,42.1,43.1,43.1,43.2,43.3,47.2,49.9,50.7,53.4,54.1,54.1
1989-04	26.0,30.6,34.2,34.5,38.0,38.1,38.2,38.5,39.1,39.3,40.7,43.6,43.9,44.4,47.5,48.4,48.4,48.7,50.5,51.6,52.1,53.2,54.6,58.6,60.9,66.0,66.2,66.7,70.3,77.8
1989-05	38.6,41.8,47.2,47.4,47.7,50.0,50.5,50.9,51.8,52.7,56.0,57.2,59.0,59.1,59.2,59.8,60.2,60.2,60.8,61.3,63.2,63.7,64.4,64.6,64.8,66.4,68.5,69.5,69.7,71.8,72.0
1989-06	52.9,53.5,55.9,57.8,58.6,58.7,58.8,59.4,59.8,61.3,62.3,62.7,62.8,63.9,65.2,65.3,67.2,67.5,68.9,69.5,70.4,71.0,71.0,71.5,72.8,74.3,74.4,75.0,78.5,87.0
1989-07	59.7,60.5,65.8,66.8,68.5,69.1,70.2,70.2,71.4,71.4,73.1,73.2,74.6,76.7,76.7,77.0,77.1,77.3,78.1,78.7,79.2,80.0,80.7,82.3,84.0,84.1,84.5,85.0,85.8,86.0,87.5
1989-08	58.0,64.5,65.7,67.5,67.8,68.0,68.6,69.8,70.2,70.4,71.0,71.1,71.3,72.5,73.0,73.0,73.3,73.8,74.0,74.1,74.2,74.2,74.2,74.6,75.8,75.8,75.9,77.7,77.9,78.8,80.8
1989-09	40.2,41.9,44.6,45.4,48.4,49.3,52.5,52.7,55.3,55.9,56.8,58.6,59.1,61.4,62.9,63.7,64.4,64.8,66.2,67.0,67.7,68.0,68.4,70.2,70.6,71.8,72.3,72.6,74.3,74.9
1989-10	30.6,31.4,32.1,35.5,35.6,36.5,39.4,41.0,41.7,42.0,42.2,44.2,45.3,47.7,48.7,48.9,49.2,51.0,51.4,52.9,53.9,54.4,55.2,55.4,56.5,59.9,61.9,62.8,63.1,65.0,65.3
1989-11	10.3,14.3,20.4,22.5,24.4,25.8,27.4,28.6,29.3,30.0,30.2,32.1,33.7,33.8,34.3,34.4,36.1,38.7,39.2,39.5,40.3,41.5,42.2,42.5,43.3,43.4,43.6,44.0,47.3,49.1
1989-12	-26.6,-17.1,-15.7,-13.1,-5.6,-3.6,-1.4,-0.9,-0.7,3.2,4.1,11.1,11.8,19.9,22.5,22.9,23.2,23.9,24.9,26.8,27.3,28.5,33.8,34.4,34.6,34.9,35.3,36.0,37.5,40.6,42.0
1990-01	21.2,22.4,22.6,22.8,23.2,23.7,24.4,26.1,26.4,26.4,27.2,28.3,28.3,28.8,29.3,30.3,30.5,31.1,31.5,32.3,32.9,33.2,33.5,34.8,36.5,36.7,37.7,38.7,39.5,42.3,43.6
1990-02	5.1,8.8,9.4,9.7,13.4,14.1,15.5,17.8,22.3,22.4,26.8,28.1,28.6,30.0,32.4,32.8,33.0,33.3,33.5,34.7,34.8,36.6,37.6,37.7,39.0,41.1,44.9,46.8
1990-03	15.1,17.3,25.2,29.7,30.3,31.3,31.7,32.3,32.6,32.8,32.8,33.3,35.1,35.7,36.4,36.9,36.9,37.3,37.3,37.4,38.8,39.0,41.6,42.0,43.6,44.1,44.9,45.8,50.6,51.0,51.4
1990-04	25.5,30.9,33.0,33.4,34.7,34.8,35.4,35.7,37.2,37.3,40.6,43.0,43.2,43.3,44.7,45.8,46.5,46.8,47.8,49.3,50.4,51.7,55.1,55.3,58.4,58.7,61.2,67.6,71.3,72.4
1990-05	39.7,42.2,44.2,47.0,47.9,49.5,50.3,51.1,51.2,51.2,51.6,51.6,52.3,53.4,53.6,53.9,54.7,54.8,58.4,59.2,60.6,60.7,61.2,61.7,62.1,62.4,62.8,63.8,66.5,67.2,69.4
1990-06	56.0,57.6,61.1,61.6,62.2,62.3,63.4,65.2,65.8,65.8,65.9,66.4,66.8,68.0,68.7,69.4,69.6,70.7,71.1,71.3,74.8,76.2,78.4,78.6,80.0,81.1,81.1,81.8,82.9,85.7
1990-07	56.5,60.3,60.7,62.8,63.4,66.5,66.5,66.6,67.3,67.8,67.9,68.1,70.5,70.7,70.8,71.0,72.4,73.2,73.5,74.0,75.5,75.8,77.8,78.3,79.5,80.2,82.5,84.2,87.0,87.8,90.6
1990-08	63.6,64.4,65.5,65.7,66.8,67.1,67.6,67.7,68.7,70.9,71.1,71.1,71.2,72.0,72.4,72.5,72.8,73.4,73.5,74.1,74.3,74.7,75.1,75.6,76.1,76.3,76.8,79.5,79.7,80.0,81.3
1990-09	47.1,53.3,54.3,54.6,55.0,56.2,56.8,57.5,58.8,59.0,60.6,61.6,64.3,64.3,64.9,66.0,66.9,70.3,71.0,73.5,74.3,75.2,75.9,77.8,78.6,78.6,79.7,80.0,82.9,84.8
1990-10	33.9,34.5,34.9,35.4,36.0,40.1,40.4,42.7,43.4,44.2,45.0,45.5,46.4,46.6,47.2,47.8,48.4,49.4,50.5,50.6,51.3,54.1,54.8,56.3,56.8,57.2,58.0,58.4,58.8,66.5,70.5
1990-11	13.6,18.5,19.2,24.7,25.1,26.0,26.4,28.7,31.0,32.5,33.5,34.8,36.6,37.7,42.1,42.5,42.8,43.5,43.5,43.6,45.4,45.6,45.9,46.2,46.8,46.9,47.0,47.3,56.9,61.1
1990-12	-18.7,-14.0,-14.0,-13.5,-11.7,-10.6,3.3,5.4,7.0,7.7,12.8,13.7,15.3,17.7,17.9,21.9,23.6,24.4,25.4,25.7,28.6,29.4,30.7,31.1,33.0,33.8,34.0,36.7,38.5,40.2,43.5
1991-01	-4.0,-0.8,0.1,1.7,4.3,8.4,10.1,10.9,11.0,11.3,12.0,12.1,12.9,13.3,13.9,17.0,17.6,17.9,19.7,19.8,20.2,20.6,25.4,28.8,28.8,29.6,29.8,30.9,32.3,33.9,35.9
1991-02	14.2,20.4,22.5,22.6,23.5,24.4,26.6,28.2,31.1,32.0,32.9,33.9,34.2,34.5,35.5,35.9,37.0,37.1,38.1,38.6,39.0,39.0,39.2,39.5,40.5,40.6,42.7,43.2
1991-03	10.0,22.5,25.7,27.6,28.2,28.6,29.0,31.3,32.6,32.6,32.7,33.2,33.6,34.7,36.2,37.0,37.4,38.5,38.5,39.7,39.9,42.5,42.8,44.6,44.7,46.5,46.8,49.0,50.0,52.4,54.8
1991-04	35.4,37.5,38.3,38.6,40.5,41.7,41.7,42.0,42.4,42.4,43.8,44.5,44.5,45.5,46.1,46.3,47.2,48.0,48.1,48.8,53.3,53.8,54.7,55.7,56.2,58.0,58.3,58.5,60.7,68.2
1991-05	37.6,37.9,39.4,41.4,43.3,43.8,49.2,50.7,52.0,56.4,57.5,61.1,62.0,63.5,63.6,63.7,63.8,64.3,64.3,64.4,65.3,65.4,66.8,66.9,68.9,69.6,71.0,72.2,73.0,73.5,74.1
1991-06	62.7,65.3,65.6,66.1,66.2,66.2,66.5,66.9,67.1,67.2,67.6,68.4,69.7,69.8,70.0,70.3,70.9,71.2,74.3,74.3,74.7,75.4,77.1,77.7,78.5,78.6,79.1,79.4,80.7,82.4
1991-07	65.9,67.7,67.9,67.9,68.2,68.9,69.0,69.5,69.7,70.6,70.7,71.2,71.3,71.6,72.8,73.0,74.3,74.7,74.9,75.9,76.0,78.3,78.8,79.5,80.7,80.8,83.0,83.0,83.1,84.2,85.6
1991-08	63.6,64.0,66.3,66.6,66.8,66.8,67.7,68.0,68.3,68.4,68.4,68.9,71.0,71.5,71.8,72.6,73.2,73.7,74.0,75.6,75.8,76.9,79.3,79.6,81.3,81.6,81.6,82.5,83.6,84.6,85.3
1991-09	40.2,41.7,46.3,50.2,52.8,53.5,55.9,56.1,56.4,57.3,57.8,59.6,60.0,61.4,63.5,63.5,66.9,67.1,67.9,68.7,68.8,69.0,70.1,70.9,71.3,72.2,72.4,78.0,78.2,79.4
1991-10	10.1,10.2,14.2,31.3,33.3,33.9,35.7,37.0,39.1,40.1,40.4,42.5,45.5,45.5,46.0,50.8,51.1,52.0,52.9,53.1,54.3,55.2,58.2,60.3,60.5,61.2,62.3,62.4,64.0,64.5,66.9
1991-11	5.8,6.1,9.5,14.3,16.1,17.4,18.3,20.3,23.7,25.9,26.7,27.1,28.0,28.1,31.0,31.4,33.0,33.5,34.2,35.4,36.7,36.8,37.0,37.3,37.9,40.5,40.5,41.8,42.0,46.5
1991-12	6.7,9.3,19.9,21.0,21.5,22.2,23.4,24.3,24.4,25.2,25.9,26.9,28.3,28.7,29.7,30.3,30.9,31.1,31.4,31.5,32.2,33.0,33.4,33.8,34.0,34.8,36.0,37.3,37.6,38.2,39.0
1992-01	-0.2,11.5,14.5,15.5,20.0,22.0,23.0,23.0,27.3,27.7,27.9,28.1,28.2,28.6,28.8,29.2,29.4,29.8,30.7,31.3,31.4,31.9,32.9,33.3,34.5,36.8,37.2,37.6,39.2,39.4,39.7
1992-02	17.7,17.8,22.5,23.9,28.2,28.8,29.6,29.7,30.6,31.0,31.2,32.0,32.4,32.6,33.1,34.0,34.4,34.5,35.0,36.3,36.4,37.1,38.8,39.8,41.3,43.0,43.8,43.9,48.3
1992-03	19.2,25.5,29.7,29.8,30.3,34.2,34.4,35.9,37.2,37.5,37.6,37.7,38.3,38.4,38.4,38.7,39.7,39.9,40.0,40.1,41.9,42.6,42.9,43.9,45.9,46.7,49.1,49.7,50.0,50.4,53.2
1992-04	26.4,28.4,30.9,31.2,32.9,36.7,38.7,41.0,43.7,43.7,44.2,45.3,45.9,46.4,47.6,47.7,48.7,49.1,49.7,49.7,51.5,51.8,52.5,53.5,54.8,55.5,63.5,64.0,64.8,74.6
1992-05	43.2,45.8,47.0,48.5,50.9,51.3,53.1,53.8,55.0,55.8,56.9,57.7,58.0,58.0,59.6,59.7,61.0,62.1,62.4,63.3,63.4,64.4,67.0,68.1,68.2,68.9,69.5,70.0,72.6,74.1,76.5
1992-06	54.1,55.3,55.8,56.6,57.5,58.4,59.0,61.0,61.3,62.0,62.0,63.3,63.3,63.5,65.0,65.6,66.2,66.5,66.5,67.0,67.1,67.1,67.2,67.3,68.4,69.1,69.2,71.0,72.4,72.8
1992-07	56.1,56.3,59.2,59.8,59.9,62.0,62.0,62.1,63.2,63.7,63.8,64.2,65.3,65.7,66.0,66.3,66.4,66.5,66.8,67.7,69.3,69.7,69.8,70.4,70.4,70.6,71.5,72.8,73.3,73.4,74.3
1992-08	50.9,51.5,52.6,55.1,55.7,61.7,62.9,62.9,63.8,65.1,65.1,65.3,65.5,66.3,66.4,66.5,66.6,68.2,68.6,69.2,70.3,70.4,71.1,71.2,71.5,72.2,73.2,73.2,78.3,78.3,79.1
1992-09	47.0,51.3,52.2,52.3,53.2,53.8,53.9,57.2,58.6,58.6,60.2,62.0,64.0,64.3,64.7,65.1,65.4,65.4,66.3,66.5,66.9,67.1,68.3,68.3,68.7,69.6,69.7,70.3,71.0,74.3
1992-10	32.4,33.7,34.2,34.7,38.6,39.0,39.6,40.7,40.8,41.5,42.4,44.8,45.0,45.2,47.2,47.5,47.9,48.9,49.3,50.5,52.5,53.3,57.4,57.9,59.3,61.9,62.8,63.4,64.9,65.1,67.2
1992-11	16.8,18.4,21.2,21.3,21.3,22.6,23.5,24.8,26.1,27.3,28.5,28.8,28.9,29.6,29.8,30.4,31.0,31.5,31.5,32.0,32.2,33.3,35.7,35.8,36.7,36.7,38.9,39.6,40.3,42.8
1992-12	-3.8,2.2,2.7,10.0,12.2,12.3,15.9,15.9,16.0,16.5,17.0,17.4,18.1,20.4,20.8,20.8,21.0,22.0,22.8,23.6,24.5,24.9,26.6,27.4,29.3,29.8,30.2,31.0,32.2,34.4,34.4
1993-01	-3.1,0.6,1.1,6.1,6.2,8.5,9.3,9.3,9.5,10.0,11.7,12.5,12.8,14.3,15.1,17.4,18.0,18.9,20.0,20.1,21.4,22.3,24.6,24.7,26.7,28.8,29.7,31.2,34.8,35.4,37.1
1993-02	-10.8,-6.0,-3.2,-2.3,-0.4,0.9,2.0,7.8,8.1,9.8,10.6,11.4,11.5,13.4,14.5,14.6,19.1,21.6,24.7,30.6,31.9,33.4,33.7,33.7,33.9,34.7,34.9,35.1
1993-03	15.1,16.2,18.8,21.9,22.1,22.5,23.5,26.9,27.0,30.8,31.6,32.4,33.6,33.7,34.3,35.9,36.2,37.2,38.2,38.5,38.6,38.9,40.0,40.1,40.6,46.4,52.6,53.8,57.4,58.6,59.6
1993-04	31.3,32.4,33.5,34.3,34.4,34.6,35.9,37.4,37.7,38.6,38.9,39.1,40.0,40.3,40.3,40.7,41.9,45.2,45.7,48.8,48.8,49.3,49.6,49.7,51.5,53.4,54.1,57.6,60.1,60.4
1993-05	39.8,42.0,50.0,52.2,52.8,52.9,53.6,53.7,54.5,54.6,54.7,56.2,57.2,57.2,58.1,58.5,58.6,58.7,59.0,59.7,59.9,61.2,62.0,62.8,63.1,64.2,64.2,64.5,66.7,68.3,68.8
1993-06	48.9,49.6,52.5,55.1,55.5,57.0,57.6,58.4,59.8,61.1,61.9,62.2,63.8,64.1,64.7,65.0,65.7,66.2,66.8,66.8,66.9,68.6,72.1,73.1,73.2,73.3,73.7,74.0,76.1,76.4
1993-07	61.7,63.6,63.9,64.3,65.4,65.6,65.6,65.9,66.3,66.4,66.7,67.5,67.5,67.6,68.9,68.9,69.0,69.6,69.9,70.0,70.4,71.7,72.4,73.3,74.2,74.5,75.2,75.5,75.8,78.0,82.1
1993-08	54.8,58.2,59.9,61.1,63.0,64.0,64.0,65.9,66.1,66.9,68.1,68.8,69.1,70.2,70.3,70.6,70.6,70.9,71.7,72.3,73.4,73.7,73.8,74.1,74.8,75.5,76.8,77.1,77.8,79.2,81.5
1993-09	42.0,47.6,48.8,49.8,50.7,50.9,52.7,53.6,53.7,55.3,55.5,55.6,55.7,56.0,56.0,56.1,56.9,57.6,57.9,58.1,59.3,59.5,61.6,62.0,63.5,64.4,65.4,67.3,69.5,75.3
1993-10	24.5,25.1,29.7,29.7,34.3,34.9,35.7,38.3,40.5,43.8,44.5,44.8,46.1,47.0,47.4,48.1,49.3,50.0,50.5,51.3,52.0,52.4,52.7,52.7,54.0,54.5,54.6,55.0,56.7,59.7,64.0
1993-11	0.9,1.0,8.3,11.6,18.2,20.0,20.5,25.6,27.6,28.8,29.2,29.4,29.5,30.0,30.3,31.7,31.7,32.0,33.4,33.8,33.9,33.9,34.2,35.1,35.8,38.7,40.7,40.9,43.2,43.8
1993-12	15.3,17.1,18.4,19.4,20.0,21.6,22.0,22.3,24.0,25.2,25.2,25.5,25.7,27.0,27.2,29.4,30.4,31.3,32.1,32.2,32.3,33.7,34.3,34.7,36.1,36.3,36.7,36.9,37.8,41.9,42.7
1994-01	-1.5,-0.4,-0.3,4.2,7.2,8.3,8.5,9.1,9.2,11.1,11.6,14.2,14.8,15.9,16.7,18.8,21.5,21.8,22.3,22.8,25.0,25.3,26.1,27.0,27.5,28.4,30.2,31.4,32.4,32.5,36.2
1994-02	-11.3,-8.7,-4.0,0.9,5.2,5.6,7.2,10.1,10.2,11.5,14.4,14.6,15.0,15.3,17.0,19.2,20.4,21.5,22.3,22.7,25.1,26.3,30.4,35.1,36.1,36.7,40.1,43.2
1994-03	21.7,24.6,25.8,26.9,27.8,28.1,28.7,30.5,30.7,30.7,33.2,34.2,35.7,37.3,37.4,38.6,39.2,39.5,39.7,41.3,41.8,42.4,43.2,43.4,43.7,44.0,46.1,47.8,50.8,57.4,58.9
1994-04	27.9,29.3,30.8,31.3,34.0,35.4,36.1,40.8,40.9,41.6,41.9,41.9,42.4,44.1,44.3,45.0,46.1,46.1,46.6,47.8,49.6,52.2,53.2,55.7,56.6,60.2,63.0,65.4,65.8,66.0
1994-05	41.2,42.4,46.8,49.1,54.5,54.8,55.1,56.3,59.1,59.1,60.9,60.9,61.0,62.6,63.1,64.2,64.3,66.0,66.2,67.6,67.7,68.4,68.5,69.0,69.7,70.9,71.0,72.7,73.9,74.1,76.0
1994-06	57.1,57.1,59.6,61.0,61.8,62.9,63.3,65.7,65.8,66.4,66.5,68.4,68.5,69.3,71.0,71.1,71.5,72.2,72.6,72.7,72.8,72.9,73.1,73.4,73.9,74.7,76.3,77.3,78.0,78.9
1994-07	59.5,60.8,63.2,63.7,64.2,65.0,66.5,66.7,67.2,67.7,68.1,68.6,69.4,69.4,69.8,69.9,70.2,71.7,72.2,72.3,72.5,73.4,74.6,75.2,75.6,75.7,76.0,77.7,78.2,78.8,84.0
1994-08	52.5,62.8,63.1,64.3,64.8,66.8,67.4,67.6,68.3,69.1,70.3,70.6,71.1,71.1,71.8,72.1,72.6,72.8,73.0,73.2,73.3,73.5,73.6,74.0,74.0,75.4,77.4,77.7,78.8,79.1,80.6
1994-09	47.7,48.7,49.7,53.0,53.6,55.0,55.5,56.8,58.0,59.5,59.9,60.9,60.9,62.5,64.4,64.5,64.6,64.9,65.8,66.7,67.5,70.1,71.1,71.5,71.5,73.3,76.7,76.9,77.9,78.3
1994-10	32.5,36.4,37.3,39.8,40.7,43.9,46.5,46.9,47.4,47.5,47.7,48.0,48.8,49.1,49.9,50.5,51.0,51.4,52.0,53.0,54.3,55.2,55.4,55.5,55.7,56.0,56.0,57.0,57.9,61.2,61.5
1994-11	23.3,24.0,26.2,26.2,26.8,28.0,29.1,29.8,29.9,32.3,32.5,33.1,33.3,33.4,34.4,34.8,35.0,35.9,36.5,36.8,38.5,40.2,42.6,43.3,43.9,44.8,46.1,48.1,49.4,51.4
1994-12	10.9,11.2,13.7,13.9,15.1,15.3,16.0,16.1,19.5,21.1,21.2,21.8,22.8,25.3,26.3,28.5,28.8,29.8,31.3,31.4,32.1,32.8,32.9,33.3,34.1,36.3,37.6,39.8,40.4,44.3,48.4
1995-01	-1.8,5.9,6.7,9.7,12.7,15.0,15.2,18.5,18.9,20.5,20.5,22.8,23.1,23.2,23.7,23.9,24.1,24.3,28.4,28.5,28.7,29.5,31.4,32.3,33.0,36.8,37.1,37.3,38.3,42.5,42.9
1995-02	7.6,9.1,10.5,10.7,13.7,18.8,21.7,23.9,24.5,28.5,28.9,29.6,30.9,31.7,32.7,34.7,35.8,37.0,37.9,39.3,39.5,41.8,43.3,44.7,45.4,45.5,49.7,50.2
1995-03	1.3,5.1,7.3,7.7,8.7,13.8,21.9,22.4,24.3,27.0,27.8,28.0,29.9,34.6,34.8,42.2,43.6,45.1,45.8,47.5,48.3,48.5,48.5,49.2,49.3,50.8,52.3,52.6,55.2,57.0,57.5
1995-04	24.2,24.8,28.8,30.6,30.7,30.8,33.1,34.4,34.7,36.3,38.2,38.4,38.8,38.8,39.5,40.3,41.0,41.5,41.6,41.7,42.4,42.7,43.6,47.0,48.0,48.1,49.2,51.6,52.0,54.6
1995-05	41.6,42.0,43.9,45.2,46.8,47.3,48.9,49.1,49.4,49.7,49.7,50.5,51.0,51.0,51.9,51.9,52.6,52.7,52.9,53.6,53.9,55.2,55.4,55.6,56.7,57.3,57.4,59.4,59.6,60.9,63.7
1995-06	47.7,47.7,48.2,56.0,56.0,60.9,61.8,61.9,62.4,62.5,62.8,63.1,64.7,64.8,64.8,65.1,65.4,65.5,67.0,68.8,69.5,74.6,75.2,77.1,78.2,79.0,79.2,79.4,79.8,82.1
1995-07	60.4,62.6,62.9,64.9,65.0,65.8,66.5,67.6,71.2,71.2,71.2,71.6,72.0,72.7,72.8,75.2,75.7,76.0,76.1,77.3,77.8,79.7,79.8,80.1,81.8,82.4,84.8,85.0,85.6,87.1,87.8
1995-08	61.5,63.4,65.2,69.2,69.6,70.5,71.0,71.8,72.9,73.3,73.5,74.1,74.6,75.8,77.1,77.7,77.8,77.8,78.2,78.3,79.8,79.8,79.9,80.3,80.5,83.2,83.6,84.0,85.4,85.7,86.1
1995-09	36.5,37.0,40.1,48.3,51.2,52.0,52.4,52.6,53.9,55.5,57.8,57.9,58.8,61.9,62.4,63.3,63.8,65.5,67.4,68.0,68.4,68.7,69.5,70.3,74.8,75.1,75.4,75.4,77.5,78.2
1995-10	27.6,30.6,33.6,34.2,35.3,37.6,39.6,39.6,39.7,41.7,42.7,44.3,44.7,45.5,45.7,47.2,48.8,49.4,49.7,50.4,51.5,51.6,52.9,53.0,53.9,54.9,55.0,56.8,59.0,62.7,69.5
1995-11	6.0,13.6,15.4,19.7,21.8,25.5,26.0,28.9,29.9,30.5,31.3,32.2,32.8,36.9,37.4,38.3,39.7,40.2,40.8,42.6,43.4,43.7,45.3,45.5,45.7,46.2,46.5,47.3,48.0,49.0
1995-12	0.0,14.1,14.8,17.1,17.7,17.8,19.7,21.2,21.3,23.2,24.1,25.0,25.2,25.3,25.6,25.9,26.0,26.1,26.5,26.5,28.0,31.6,34.7,35.0,35.0,35.9,36.4,40.3,44.1,45.3,49.0
1996-01	-9.3,-8.9,-6.7,-5.1,-3.9,-0.2,1.1,3.2,5.1,5.5,7.4,8.0,9.3,11.4,13.4,16.5,17.2,18.0,20.0,25.3,26.5,27.0,30.6,30.6,31.4,36.2,38.0,39.8,43.0,43.5,46.5
1996-02	-18.4,-15.4,-5.5,0.5,1.9,3.6,4.3,11.2,21.1,22.3,25.7,29.9,33.9,34.4,34.6,36.3,36.4,38.3,40.2,40.6,40.9,41.9,41.9,43.7,43.7,44.2,44.9,46.1,47.7
1996-03	-4.9,-3.8,3.8,7.1,7.2,12.7,14.8,17.6,17.9,21.3,22.9,23.9,24.0,24.7,25.3,28.0,29.2,31.0,33.0,33.3,34.5,34.7,37.9,38.4,38.5,42.5,43.2,43.5,43.7,45.9,47.4
1996-04	28.1,30.3,30.7,31.5,32.0,37.6,39.6,39.6,40.0,41.0,41.2,41.6,42.8,43.1,43.5,43.9,45.6,45.9,46.5,47.1,48.2,48.6,48.7,49.2,52.0,55.7,56.0,56.3,60.6,61.9
1996-05	38.4,40.9,44.1,44.7,44.9,46.4,47.0,47.0,47.5,48.9,49.5,50.7,50.9,51.4,52.2,52.2,52.6,54.7,55.2,56.5,56.9,57.7,60.7,61.8,62.7,65.0,65.3,67.7,68.4,72.2,74.4
1996-06	55.6,57.2,58.7,59.2,60.3,60.5,61.0,61.3,66.0,66.4,66.6,66.9,67.2,67.6,68.6,68.9,69.4,69.5,70.5,71.4,71.4,71.9,73.6,73.7,74.4,76.4,76.6,79.3,82.0,82.1
1996-07	63.6,65.3,65.8,67.1,67.2,67.4,68.4,68.6,68.8,68.8,69.3,69.4,69.8,69.9,70.0,70.9,71.6,71.7,72.2,72.3,75.3,76.1,76.1,76.1,77.1,78.1,78.5,80.0,80.1,81.0,81.4
1996-08	68.0,68.3,68.4,68.6,69.0,69.5,69.6,69.6,69.9,70.3,70.3,70.8,70.9,71.0,71.2,71.3,71.3,72.3,72.9,74.1,74.2,74.3,74.6,74.8,75.0,75.1,75.6,76.5,78.4,80.0,81.7
1996-09	42.3,44.3,46.7,47.9,51.3,51.7,52.2,52.5,53.5,54.0,54.8,55.2,56.2,56.7,57.3,57.7,58.0,58.5,58.8,63.1,64.3,64.5,68.3,68.6,70.7,70.9,72.1,72.3,77.0,79.8
1996-10	27.4,28.3,33.9,35.5,36.0,39.9,40.0,40.2,42.4,44.0,44.3,44.8,45.5,47.5,47.8,49.1,49.7,51.3,51.6,51.8,51.9,54.2,54.3,55.4,56.5,57.9,58.6,59.5,64.2,64.9,65.3
1996-11	3.8,8.3,11.5,12.4,13.1,14.6,16.2,20.1,21.3,21.4,23.5,24.1,24.2,24.8,24.8,25.4,28.5,28.8,29.3,30.0,30.0,30.1,31.7,33.3,33.9,36.0,36.9,38.6,42.5,44.2
1996-12	-8.9,-8.3,-4.2,-3.4,-2.4,0.6,1.0,2.3,8.5,11.2,13.1,15.0,19.6,20.1,21.2,21.5,21.6,21.7,23.1,24.0,25.4,26.5,28.0,28.1,29.0,30.8,31.1,33.3,34.4,35.1,37.7
1997-01	-8.5,-8.3,-7.9,-6.4,-2.7,-2.2,-2.0,0.5,1.8,2.0,11.4,12.1,14.9,16.4,16.7,18.2,18.9,19.4,23.8,24.9,27.3,27.6,30.0,30.2,37.0,38.0,39.3,39.7,40.5,41.7,44.4
1997-02	14.8,15.6,16.6,18.0,18.9,19.4,20.8,21.1,23.7,24.1,25.2,26.2,29.2,30.6,30.7,31.0,31.3,31.3,31.7,32.3,32.9,33.2,36.9,37.3,37.7,40.0,43.3,43.8
1997-03	10.1,20.1,21.0,21.8,24.9,25.2,25.5,27.0,32.4,35.2,35.3,36.0,37.8,38.4,38.5,38.7,39.0,40.0,40.3,40.9,41.1,41.9,42.1,43.6,45.9,46.9,49.8,50.8,53.0,57.0,60.9
1997-04	16.6,18.2,20.5,20.8,21.2,21.5,23.1,23.8,34.8,38.7,40.4,41.7,42.5,43.0,43.8,44.5,44.7,45.4,46.1,46.5,49.7,49.8,50.2,50.6,54.7,55.0,55.3,55.3,59.0,61.5
1997-05	43.0,43.4,44.3,44.4,45.1,45.9,47.4,47.5,48.5,49.5,49.8,51.2,51.5,52.5,54.8,54.8,55.4,57.5,58.3,59.1,59.8,60.4,60.6,60.8,62.7,63.3,64.0,64.3,64.7,66.0,69.4
1997-06	58.2,59.7,60.5,61.5,62.4,63.1,63.4,64.0,66.1,66.3,66.9,67.4,67.8,68.2,68.2,68.8,68.9,69.2,69.2,70.0,70.3,70.8,72.1,72.5,73.0,75.2,77.6,78.1,78.2,78.4
1997-07	58.7,60.6,62.2,63.2,63.6,65.4,67.3,68.1,70.3,71.3,71.5,71.5,71.8,72.2,72.3,74.0,75.0,75.1,75.9,76.3,77.0,78.4,78.7,80.0,80.0,80.0,80.1,80.1,82.9,83.4,84.9
1997-08	55.7,58.0,61.7,64.2,65.2,65.4,65.5,66.3,66.7,67.8,68.2,68.6,69.2,69.5,70.1,71.0,71.2,71.4,73.8,73.9,74.0,74.3,74.6,74.7,75.3,75.8,75.9,76.9,77.2,77.2,79.4
1997-09	47.9,48.8,49.6,52.9,55.7,56.3,56.5,58.2,58.8,59.0,60.5,62.1,62.4,62.8,64.1,66.2,66.8,68.4,69.7,70.7,70.8,70.8,71.4,72.0,72.2,73.0,74.3,75.0,75.9,76.1
1997-10	18.6,21.7,25.8,38.8,39.1,39.7,40.4,42.8,43.1,44.0,45.8,46.2,46.5,46.8,47.1,49.3,49.4,51.8,54.2,55.6,57.7,59.3,59.7,60.6,63.5,65.4,65.7,66.4,67.5,72.0,73.2
1997-11	5.9,15.5,19.6,19.7,20.7,22.0,25.5,28.3,28.5,29.1,30.2,30.7,31.6,32.6,33.8,34.0,35.4,35.7,36.3,36.3,37.6,37.9,38.1,38.4,40.7,40.8,41.3,42.0,46.4,46.4
1997-12	14.6,15.8,22.3,23.4,23.7,25.7,25.8,25.9,26.1,27.2,27.5,27.7,27.9,28.7,29.2,29.2,30.1,30.2,30.2,30.6,31.4,31.7,32.8,33.0,33.0,35.0,35.6,35.9,36.0,36.1,38.7
1998-01	-3.0,-0.8,5.9,8.8,9.6,15.7,16.0,19.5,20.2,20.8,21.2,21.8,23.0,23.0,23.6,23.8,24.0,24.1,24.4,24.8,29.5,32.7,32.7,34.6,34.9,35.0,35.8,37.0,38.0,42.4,47.5
1998-02	22.5,25.5,25.9,26.4,27.2,29.6,30.0,30.1,30.5,31.6,31.6,32.0,32.7,33.9,34.1,34.1,34.3,34.6,35.2,35.2,35.9,36.0,39.2,40.2,40.9,41.0,46.0,48.7
1998-03	-5.2,3.5,5.5,12.2,15.5,17.9,18.7,19.2,19.2,19.4,19.7,19.8,24.3,28.8,29.1,29.8,30.3,30.3,31.5,33.0,33.6,33.6,35.2,35.6,39.3,41.3,45.3,45.6,55.5,61.3,62.5
1998-04	36.6,37.9,39.0,39.3,40.0,40.0,40.0,40.2,41.4,42.0,42.0,42.5,43.8,44.5,46.0,46.4,46.5,46.7,46.9,47.8,48.1,48.7,48.7,51.5,52.1,55.9,57.5,57.9,65.2,68.4
1998-05	44.0,47.9,48.2,48.5,52.3,53.7,53.9,54.4,54.5,55.6,56.0,56.8,57.7,58.3,59.0,60.2,61.3,61.7,62.2,63.7,63.7,63.9,65.6,66.0,66.0,69.5,69.8,70.7,72.2,74.6,74.9
1998-06	42.0,44.2,46.1,52.0,52.1,53.4,57.2,57.7,60.8,61.0,61.4,63.0,63.8,64.4,64.5,64.5,65.9,66.0,66.1,67.8,68.0,68.0,68.2,68.4,68.7,70.9,72.3,72.8,73.3,77.6
1998-07	60.8,65.5,66.4,68.8,68.8,70.4,70.4,70.9,72.3,72.7,73.0,74.1,74.5,74.7,74.8,75.0,75.1,75.3,75.7,76.2,77.0,77.2,78.3,79.1,79.4,82.1,82.2,83.8,84.7,85.0,85.4
1998-08	64.6,67.2,67.4,67.7,67.9,68.8,68.9,69.3,70.8,71.7,71.8,72.6,72.9,73.0,74.0,74.5,74.6,74.7,74.8,74.9,75.4,76.7,77.3,77.4,77.4,77.4,77.8,78.7,80.7,81.9,82.1
1998-09	48.5,49.9,57.2,59.0,60.0,60.4,62.3,63.3,64.1,64.6,67.8,68.3,68.5,68.6,69.2,69.4,70.6,73.8,74.0,74.5,74.7,75.0,75.4,76.8,77.7,79.1,79.7,80.5,82.0,85.6
1998-10	39.7,40.5,42.2,42.8,43.3,43.6,43.7,44.3,44.7,45.3,45.4,45.7,45.9,46.6,46.8,48.0,48.2,48.7,49.2,50.1,52.0,52.3,53.9,55.3,55.5,55.7,55.8,57.4,57.6,59.1,62.0
1998-11	26.9,27.4,27.6,30.0,30.1,31.1,31.9,32.3,32.6,33.1,33.5,35.1,36.3,36.6,37.6,38.2,39.0,40.0,40.4,42.0,42.2,42.3,43.2,43.6,45.1,46.5,47.2,48.4,52.1,52.8
1998-12	-4.4,-1.6,0.5,2.1,2.6,9.5,19.9,20.3,20.9,21.9,22.2,26.1,26.9,27.3,29.0,33.0,33.3,33.7,33.8,34.2,34.5,34.8,36.2,36.2,36.2,36.7,38.0,46.0,47.7,48.4,48.7
1999-01	-2.5,-0.3,3.9,9.0,11.1,13.5,17.3,20.6,21.7,22.4,23.2,23.5,23.8,25.5,27.5,27.7,27.9,28.0,28.2,28.3,31.4,31.9,32.1,32.3,32.6,34.0,35.1,35.3,37.9,39.6,40.5
1999-02	25.3,25.8,26.6,27.1,28.0,29.3,30.0,30.1,30.5,30.5,31.2,33.0,33.9,34.0,36.2,38.1,38.8,39.7,40.3,40.4,40.4,42.1,42.2,43.5,45.6,47.4,47.5,49.4
1999-03	24.6,25.4,27.3,27.4,28.0,28.0,30.7,31.0,31.3,32.8,33.5,35.8,37.0,37.1,37.4,38.4,39.9,40.1,40.7,42.0,42.6,42.8,43.2,43.6,44.0,46.2,50.1,50.4,50.9,57.8,59.7
1999-04	28.9,30.4,35.5,35.6,36.1,38.4,39.2,41.2,41.3,42.0,43.1,43.2,44.3,45.5,45.9,46.0,47.6,47.9,48.5,49.4,49.5,49.7,50.7,50.8,53.3,54.9,56.1,56.8,58.1,60.8
1999-05	46.8,47.1,49.5,50.4,50.9,51.8,52.4,52.6,53.1,53.1,54.4,55.7,56.1,56.3,56.4,56.4,58.3,58.4,58.5,58.9,59.0,59.9,61.4,62.8,62.8,62.9,63.3,64.9,65.7,67.0,70.8
1999-06	52.7,55.7,57.3,59.2,59.4,59.4,60.3,60.4,61.6,61.6,61.6,62.2,62.4,65.5,66.1,66.3,66.5,67.2,68.6,68.8,71.2,71.2,71.3,72.4,74.2,75.3,76.6,76.7,77.2,77.9
1999-07	62.1,64.5,65.2,65.3,66.3,69.4,70.7,71.4,71.9,72.3,74.1,74.9,75.4,76.1,76.2,77.2,77.6,77.7,77.8,78.7,78.9,79.1,79.3,80.0,80.2,80.3,80.7,82.4,82.7,83.5,87.6
1999-08	59.8,64.6,66.0,66.8,68.3,68.3,70.1,70.4,71.6,71.6,71.7,71.9,72.8,73.2,73.2,73.3,73.4,74.0,74.1,74.2,74.4,74.5,76.5,76.8,77.1,77.2,79.1,79.8,80.2,80.9,82.4
1999-09	44.2,46.0,46.5,49.4,50.5,51.9,52.4,52.9,53.5,54.4,55.0,55.2,55.7,56.9,57.3,57.4,58.8,59.9,60.0,60.9,62.0,63.6,64.0,65.5,67.6,68.0,68.2,70.3,71.2,74.8
1999-10	30.7,35.1,38.1,38.4,38.5,38.6,40.1,41.5,44.3,45.7,46.1,46.8,46.9,47.8,48.0,48.2,48.6,49.7,50.1,51.6,52.5,53.2,53.7,54.1,54.3,56.9,56.9,57.4,59.5,59.6,62.0
1999-11	27.4,29.0,30.7,31.2,33.9,35.7,36.5,37.7,38.1,38.3,38.4,39.4,39.4,42.3,42.7,42.7,42.9,43.7,44.6,44.7,45.2,45.6,46.4,48.7,48.8,49.9,52.2,53.4,54.1,59.4
1999-12	11.6,13.5,17.3,19.5,21.5,23.7,25.5,26.8,27.5,27.9,29.8,30.6,31.5,31.7,31.7,31.8,32.5,33.6,33.9,34.0,34.2,34.8,34.9,35.1,36.0,36.3,36.6,38.0,38.7,45.2,47.0
2000-01	2.1,12.1,15.3,18.2,18.2,19.6,19.8,20.7,20.9,21.2,21.3,21.4,22.2,22.5,24.6,25.0,27.5,27.5,27.6,27.7,27.8,28.8,29.8,31.3,31.7,32.5,32.9,34.0,34.4,39.9,41.8
2000-02	13.3,16.9,17.9,18.3,21.9,22.6,25.1,26.6,27.3,27.5,27.7,31.0,31.0,32.3,33.8,34.0,34.8,36.3,37.2,38.0,38.5,38.5,40.3,44.3,45.5,46.1,47.4,48.0,48.3
2000-03	23.0,23.5,26.4,31.9,32.2,32.7,34.6,35.6,36.2,37.0,37.1,37.3,38.9,41.1,41.1,41.7,41.7,42.0,42.1,42.4,43.3,44.1,44.2,46.1,47.4,47.9,49.5,49.8,50.7,53.2,56.2
2000-04	22.7,27.9,33.9,37.0,37.7,38.2,38.9,40.3,41.0,41.8,41.9,42.9,44.9,44.9,45.1,45.9,48.0,48.3,48.3,50.0,50.2,51.3,52.4,54.5,55.6,56.8,58.0,58.3,61.9,62.1
2000-05	43.9,47.9,50.6,51.2,52.4,52.6,53.3,54.3,54.4,54.9,54.9,57.6,57.7,58.1,59.5,59.6,59.7,59.7,59.8,60.6,62.8,63.1,63.7,65.3,66.3,66.4,67.0,67.1,67.8,69.1,76.6
2000-06	52.7,54.2,55.4,56.2,57.1,57.6,57.9,58.8,60.3,61.2,61.5,61.6,63.5,63.7,64.6,65.0,66.2,66.2,67.2,69.0,69.1,69.5,70.6,71.5,71.7,73.7,74.3,75.7,78.3,83.5
2000-07	63.0,63.6,64.8,64.9,65.7,70.0,70.0,70.9,71.4,72.3,72.9,73.2,73.5,74.5,74.9,75.2,75.3,75.8,76.6,76.8,76.9,77.0,77.3,77.4,77.4,78.0,80.7,82.5,83.1,83.2,83.4
2000-08	63.0,64.8,66.8,69.7,69.8,70.8,71.9,73.4,73.5,73.5,73.6,73.6,73.8,73.9,74.4,74.5,74.6,75.2,76.0,76.3,77.9,78.8,78.8,78.9,79.6,80.0,81.1,82.0,83.8,84.1,84.6
2000-09	39.6,40.4,44.6,50.1,52.1,53.6,53.8,54.8,58.9,60.7,62.2,62.5,62.9,65.5,65.7,66.7,67.1,67.1,69.0,69.4,69.7,69.7,73.0,74.1,74.3,74.3,74.4,78.7,78.9,80.0
2000-10	29.8,31.2,32.8,40.1,40.9,43.9,47.1,47.4,47.5,49.0,49.4,49.9,50.0,50.2,51.7,51.9,51.9,52.0,53.5,54.1,54.5,55.1,55.3,55.4,55.6,57.7,58.0,58.5,61.7,62.0,64.2
2000-11	8.5,11.6,14.8,15.9,16.1,16.4,17.8,18.0,19.3,19.9,20.1,21.4,21.4,22.6,23.8,26.8,27.3,29.0,29.1,29.5,30.5,31.5,33.4,33.8,34.0,37.0,37.8,42.5,47.8,49.1
2000-12	-8.3,-2.6,1.4,4.0,4.8,6.0,7.7,9.1,9.1,12.1,15.0,15.2,17.3,18.3,18.7,21.4,21.7,23.6,24.5,26.0,26.4,26.6,27.3,29.1,30.4,30.5,30.7,31.5,32.5,37.6,38.9
2001-01	5.8,14.1,18.6,21.3,21.4,22.5,22.6,24.3,24.4,24.5,26.4,28.1,29.5,29.5,29.7,30.0,30.1,30.3,31.4,32.2,32.4,32.9,33.3,33.3,35.6,35.8,37.5,37.6,39.1,40.2,40.8
2001-02	5.4,10.6,12.4,12.6,13.7,14.7,15.8,15.8,16.8,17.4,20.1,20.3,21.3,22.2,22.5,23.7,24.1,24.6,25.4,26.4,27.5,29.6,30.7,33.1,34.7,34.7,38.1,39.5
2001-03	27.2,27.5,28.3,28.7,30.0,30.8,31.8,32.0,32.6,32.8,33.1,34.2,34.5,34.5,36.1,36.1,36.4,36.6,37.3,37.6,40.2,41.0,42.4,42.9,43.0,43.4,43.9,44.2,44.7,45.9,48.9
2001-04	35.5,35.9,36.0,37.3,40.4,41.0,41.9,43.2,43.2,44.7,45.6,46.5,46.8,48.0,48.7,49.0,49.1,49.3,49.8,49.8,52.5,56.0,57.4,58.0,63.0,64.4,67.4,67.8,72.0,72.5
2001-05	45.8,47.8,49.1,49.6,51.2,51.8,53.2,54.1,54.6,54.6,55.2,55.7,55.7,56.3,57.2,58.2,58.2,61.7,62.3,62.8,63.4,64.2,64.3,64.5,64.5,65.6,66.2,67.3,71.9,73.5,79.3
2001-06	52.0,52.8,55.2,56.7,56.9,58.4,59.2,59.9,59.9,60.2,60.3,63.4,63.9,65.4,65.9,66.7,67.3,71.5,71.5,73.4,73.5,73.7,73.7,76.9,80.2,80.5,81.4,82.0,86.7,87.0
2001-07	62.8,66.5,68.0,71.0,71.7,73.1,73.9,73.9,74.3,74.5,74.9,75.2,75.5,76.0,76.0,76.6,77.4,77.5,78.4,78.4,78.5,78.7,78.9,80.0,81.1,81.4,81.6,81.9,82.3,86.4,87.9
2001-08	62.3,66.0,66.8,68.2,68.4,68.8,69.7,70.0,70.2,71.0,71.5,71.9,71.9,72.1,72.3,72.7,74.1,74.9,75.1,76.0,76.1,78.1,79.0,79.4,79.7,84.7,85.0,85.0,86.7,86.7,88.1
2001-09	46.4,54.6,55.4,55.7,56.6,57.1,58.3,58.3,59.0,60.3,60.4,60.6,61.3,61.3,62.3,64.4,64.9,65.4,65.6,66.1,66.3,67.0,70.9,74.9,76.9,76.9,78.9,79.0,81.0
2001-10	34.0,34.4,38.5,38.9,41.3,41.9,42.3,42.4,43.2,44.8,46.1,46.5,46.7,48.2,48.3,48.5,48.6,48.8,50.5,51.0,51.4,52.5,52.6,52.9,56.1,56.2,58.6,59.3,61.3,62.9,70.8
2001-11	10.5,12.8,13.2,23.6,28.4,28.6,33.1,35.5,38.4,38.8,39.2,40.5,41.9,42.5,44.0,44.2,44.3,44.8,45.0,46.2,46.2,47.7,47.7,48.3,50.5,51.9,53.1,53.6,56.9,57.2
2001-12	6.6,13.0,13.2,15.5,16.5,19.1,19.1,20.5,21.4,22.1,23.5,24.9,26.8,27.3,27.3,28.0,29.0,29.1,29.4,30.5,31.3,31.3,31.5,32.7,32.9,33.5,33.6,34.3,34.4,35.0,35.2
2002-01	4.5,10.1,11.3,11.5,12.9,14.4,16.6,17.0,19.3,20.3,20.5,24.2,25.8,29.3,29.4,29.9,30.1,30.4,30.6,30.9,31.0,31.0,33.8,35.1,36.4,37.1,37.9,38.0,38.4,41.5,42.8
2002-02	4.8,6.8,12.2,19.0,21.6,24.2,25.4,27.7,28.0,28.2,29.9,30.1,33.0,33.2,33.4,33.6,34.6,36.2,36.5,37.1,37.1,37.3,38.0,38.1,39.2,40.6,42.1,48.5
2002-03	-1.3,1.1,8.0,8.9,9.8,11.1,15.9,16.9,17.7,20.0,21.8,22.0,22.8,23.9,24.8,25.4,25.8,26.0,26.5,28.7,30.2,30.6,30.8,36.5,37.9,38.0,39.2,39.8,41.5,42.1,46.7
2002-04	18.6,26.4,31.8,34.5,37.2,37.7,37.9,39.8,40.1,43.0,43.1,43.5,45.0,45.3,46.2,47.7,49.5,50.0,50.6,51.8,52.5,53.7,54.9,56.9,59.4,60.0,60.2,65.4,66.6,67.6
2002-05	39.8,40.1,40.1,40.8,42.9,43.3,44.9,45.5,45.6,47.3,49.0,50.7,50.8,51.8,51.9,52.0,52.6,54.3,54.9,57.4,59.6,60.8,61.6,62.9,64.4,65.8,66.3,66.6,70.4,73.2,73.3
2002-06	58.5,60.4,60.8,62.7,62.8,63.8,65.0,65.6,66.6,67.6,69.4,70.4,71.6,71.6,71.6,72.2,72.5,75.7,75.9,75.9,77.7,79.2,79.8,81.6,83.3,84.6,85.2,85.4,85.9,88.2
2002-07	64.2,65.2,70.4,71.9,74.7,76.2,76.3,76.5,76.6,77.5,77.7,77.8,77.8,78.8,79.6,80.9,81.0,81.6,81.6,82.6,82.6,82.8,82.8,85.4,85.4,86.7,87.8,88.2,88.6,88.6,90.3
2002-08	61.3,63.2,65.0,65.3,67.4,67.6,68.4,68.5,70.1,70.2,71.0,71.4,71.4,71.5,71.8,72.1,72.6,72.7,72.7,73.2,73.8,74.8,75.0,75.5,75.8,78.0,79.9,80.5,81.0,81.7,85.3
2002-09	46.2,47.5,50.0,50.4,50.5,52.2,53.4,54.7,55.3,56.9,57.4,58.6,59.2,60.3,60.7,61.3,61.5,65.3,66.1,67.4,68.5,71.0,71.0,72.4,77.7,78.5,80.5,81.5,82.7,83.3
2002-10	16.6,20.6,24.4,25.8,31.0,31.3,32.2,38.0,38.2,38.5,38.6,39.4,40.2,40.4,41.0,41.6,42.2,42.4,45.2,45.7,46.5,46.9,47.6,49.0,49.0,49.6,49.8,54.0,55.3,56.9,62.3
2002-11	10.7,18.7,19.4,21.1,23.3,25.7,28.0,29.1,29.4,30.3,34.5,35.6,35.7,36.4,37.1,37.4,37.8,38.3,39.6,39.7,41.3,41.9,42.1,42.2,43.9,44.1,45.7,45.9,46.9,47.9
2002-12	10.3,15.2,16.7,16.8,16.9,17.6,19.0,21.4,22.9,23.9,24.7,25.6,26.1,27.1,29.2,29.7,30.4,31.0,32.0,33.3,33.6,34.1,34.2,34.7,34.8,35.8,38.3,41.0,41.9,43.1,44.9
2003-01	-8.0,3.9,4.4,5.4,8.7,9.5,15.6,15.8,17.0,17.3,18.5,18.8,23.1,25.0,25.2,26.1,26.2,26.9,27.7,30.6,30.7,32.3,32.7,32.8,34.6,35.8,36.5,37.7,38.2,39.9,42.6
2003-02	-4.5,4.0,4.1,4.3,10.9,11.4,13.7,15.7,16.3,17.9,18.6,20.4,20.5,21.0,23.4,25.0,25.3,25.5,27.4,28.0,28.2,33.7,34.0,34.2,36.7,38.2,39.0,42.5
2003-03	5.4,8.3,11.7,15.3,16.2,22.8,23.3,25.3,27.3,28.1,29.8,30.9,32.0,34.9,38.0,39.1,39.2,39.4,41.7,41.8,42.2,43.6,45.7,47.6,48.7,51.0,53.7,54.2,55.3,55.9,59.3
2003-04	24.7,27.7,30.4,31.7,32.7,38.8,42.7,43.4,45.0,45.1,46.6,47.0,47.5,47.5,48.3,48.5,51.8,52.9,53.2,53.7,53.8,54.2,54.2,57.3,57.8,60.5,61.0,61.4,68.1,69.6
2003-05	44.6,44.7,44.7,45.4,46.4,48.1,48.7,50.4,53.2,53.5,53.9,54.8,54.8,55.9,57.4,57.8,58.5,59.3,59.4,60.2,60.4,61.9,62.3,63.0,64.3,65.9,66.0,67.3,68.6,71.2,72.5
2003-06	55.0,55.8,56.1,56.4,57.0,57.9,58.9,59.3,60.6,63.1,63.7,64.1,65.2,65.3,66.7,67.2,67.7,68.9,69.0,69.4,69.7,69.9,70.0,70.2,70.4,71.1,71.4,72.4,73.6,74.4
2003-07	67.7,69.7,70.5,70.6,70.9,71.2,71.3,71.4,71.6,72.0,72.4,73.4,73.4,74.8,74.8,75.3,75.6,76.0,77.5,77.8,77.9,78.7,80.2,80.4,81.6,82.0,82.1,82.2,83.3,85.0,89.5
2003-08	59.6,64.3,68.8,71.8,71.9,73.5,73.5,73.7,74.2,74.7,75.2,75.4,75.6,76.1,76.7,76.9,77.5,78.1,79.2,79.3,79.9,79.9,79.9,80.2,80.4,81.0,81.7,82.8,85.1,85.6,86.5
2003-09	44.4,45.2,45.4,47.3,49.5,51.8,52.7,53.5,53.8,56.8,58.2,58.7,58.8,58.9,60.1,60.3,61.0,62.5,65.5,66.6,67.0,67.0,67.4,71.7,72.7,72.8,74.4,76.4,77.8,90.6
2003-10	28.8,34.0,36.7,38.5,43.9,44.4,45.7,46.2,46.6,46.6,48.3,49.1,51.2,51.6,52.4,54.1,54.6,54.7,54.9,56.3,57.5,59.6,60.4,60.9,61.5,61.6,62.4,63.3,64.6,71.4,72.1
2003-11	7.5,12.5,18.6,19.3,21.0,21.1,21.6,22.4,22.9,24.9,26.3,27.4,28.1,28.5,28.6,30.0,34.7,34.9,35.8,37.8,37.8,38.4,42.4,43.2,43.2,44.8,45.1,45.4,49.6,54.0
2003-12	9.0,17.4,18.8,19.5,19.9,21.7,22.7,23.4,24.1,24.2,28.1,28.5,28.7,28.7,28.8,29.2,29.3,29.4,29.7,32.2,32.2,32.9,32.9,33.2,33.9,35.5,35.7,35.8,37.0,38.6,44.9
2004-01	-5.2,-3.0,-0.5,5.5,6.6,7.0,7.4,7.8,8.4,14.4,19.3,22.7,22.9,23.5,24.9,25.6,27.5,28.0,29.7,29.9,30.4,30.6,33.4,34.6,35.2,35.6,35.8,35.9,37.8,38.1,39.6
2004-02	-1.1,6.8,12.7,12.7,12.9,17.0,17.5,17.9,18.1,18.2,18.6,21.0,21.3,22.9,22.9,27.5,30.3,31.6,32.4,33.0,34.3,37.6,38.7,39.7,40.7,41.6,43.1,44.5,45.0
2004-03	24.0,29.4,30.7,30.8,30.8,30.9,31.9,33.9,34.4,34.9,35.6,36.5,36.9,37.9,39.6,42.0,42.7,43.5,44.0,45.3,45.3,45.4,45.5,47.8,47.9,50.7,52.8,53.5,56.0,56.0,60.3
2004-04	29.1,36.3,37.1,43.0,43.1,44.1,44.2,44.2,44.7,45.2,45.8,45.9,46.4,47.4,48.8,49.1,50.3,52.9,54.2,54.4,54.7,55.8,56.2,57.6,58.8,59.6,60.6,62.1,63.1,67.0
2004-05	39.8,42.3,42.7,46.7,47.4,47.8,50.3,51.8,54.0,54.9,55.6,56.7,56.9,57.0,57.3,58.3,60.9,61.3,61.6,62.9,63.5,64.7,65.9,66.0,66.6,67.1,67.6,68.9,70.4,72.1,74.6
2004-06	46.7,54.0,54.6,55.1,56.7,56.8,57.5,58.7,58.9,59.4,60.4,61.0,61.3,61.7,62.2,64.3,64.3,65.5,65.7,65.7,65.9,66.6,68.0,68.2,70.1,70.7,72.0,72.3,74.6,76.1
2004-07	61.1,61.8,63.1,63.7,64.7,65.3,66.1,67.1,68.6,69.4,70.7,71.5,71.6,72.3,73.1,73.3,73.7,74.2,74.7,75.5,77.0,78.3,78.8,79.1,79.4,80.5,80.5,81.6,82.0,82.6,96.8
2004-08	57.2,58.1,58.8,59.8,60.2,60.7,60.7,62.8,63.5,65.8,67.2,67.9,67.9,67.9,68.0,68.3,69.0,69.3,70.1,70.5,74.4,74.5,74.5,75.0,75.5,76.3,76.5,79.0,79.1,83.0,84.1
2004-09	47.3,49.7,50.8,53.7,55.0,57.9,58.4,59.4,60.4,60.4,61.1,61.3,61.5,61.9,64.3,65.9,67.8,68.2,68.4,71.9,72.3,72.9,73.1,75.0,76.2,76.9,77.3,77.4,79.0,79.2
2004-10	36.9,39.9,40.0,41.3,41.6,42.7,46.0,46.1,46.4,48.2,48.3,48.8,49.3,49.7,49.7,49.7,49.7,51.1,51.1,53.2,53.2,53.7,54.8,55.4,57.0,59.1,59.1,59.7,60.3,61.0,63.7
2004-11	16.7,23.5,24.3,27.1,27.6,29.2,30.3,31.5,32.2,32.7,34.0,34.4,35.8,36.4,39.7,40.0,40.0,41.1,41.5,41.8,42.7,42.9,43.0,43.4,45.0,45.1,45.8,46.3,50.8,51.3
2004-12	4.5,7.6,12.6,19.8,24.0,24.6,24.8,25.5,26.3,26.4,27.9,29.0,30.1,30.6,31.4,32.4,33.9,34.0,34.3,34.8,34.9,35.0,35.1,35.2,38.5,38.7,39.0,39.2,39.2,39.5,42.5
2005-01	-4.8,-4.1,-3.4,-2.1,-0.4,5.9,11.0,11.6,12.6,13.4,13.9,14.1,15.8,16.2,17.5,17.7,18.2,23.4,29.0,30.6,31.7,32.5,33.0,33.7,33.9,36.0,38.9,39.9,43.5,44.7,45.0
2005-02	14.6,16.7,20.0,24.5,24.9,26.3,27.8,28.1,28.5,29.0,30.0,31.3,32.5,33.2,34.4,34.6,34.8,35.6,35.8,36.4,36.5,36.6,36.8,38.9,42.4,43.2,43.6,45.3
2005-03	25.3,25.5,25.5,28.1,28.3,29.5,30.1,31.1,31.6,31.9,32.3,33.1,34.3,34.7,36.4,36.5,36.6,37.7,38.3,38.9,40.5,40.6,40.6,40.7,43.7,45.2,46.4,49.0,50.8,50.8,54.0
2005-04	36.1,36.9,37.4,39.0,39.3,40.1,40.1,40.6,43.8,45.0,45.6,45.7,47.8,48.0,48.8,49.0,50.1,50.3,50.9,51.4,51.7,52.6,53.3,56.4,58.9,58.9,59.8,59.9,61.3,66.1
2005-05	32.5,35.7,37.9,46.2,46.4,46.9,48.7,49.7,52.3,52.6,53.1,54.6,54.7,55.9,55.9,56.0,56.2,56.4,58.9,58.9,61.0,61.8,62.3,64.2,65.1,65.9,66.8,69.5,70.5,73.0,76.6
2005-06	58.4,58.7,60.4,60.5,60.7,61.3,61.8,62.4,63.8,64.4,65.3,65.4,65.4,67.5,68.7,70.2,71.7,71.9,72.0,73.4,73.6,74.8,75.1,76.5,77.3,77.7,77.8,78.7,79.9,84.9
2005-07	59.8,62.1,66.5,67.7,68.0,69.2,70.4,71.4,73.1,73.8,74.2,75.3,75.9,76.8,77.0,77.7,78.0,78.3,78.3,78.8,79.1,79.4,80.1,80.8,82.4,82.5,82.9,83.0,84.1,84.8,86.8
2005-08	57.1,60.3,67.3,67.4,67.7,68.3,69.5,69.6,69.7,70.1,70.7,70.8,71.1,71.2,71.4,72.5,72.5,72.8,72.9,75.1,75.3,75.8,76.3,77.2,77.3,81.4,81.5,82.8,82.9,84.6,87.1
2005-09	52.2,53.0,55.6,56.4,58.6,58.7,59.8,60.8,62.8,62.8,63.0,63.7,63.7,63.9,64.6,66.8,67.2,67.3,70.6,70.6,70.7,72.3,73.4,74.9,75.7,78.2,79.7,80.0,80.8,80.9
2005-10	34.5,35.3,38.2,40.2,41.0,41.8,41.8,42.1,43.2,44.0,45.4,45.8,45.9,46.8,47.3,48.1,49.5,50.8,51.1,51.2,52.4,53.4,53.6,54.3,54.4,58.1,58.8,58.9,61.0,66.6,70.1
2005-11	17.1,20.3,21.7,22.1,26.6,30.5,33.3,34.0,34.4,34.6,35.5,37.2,37.8,38.5,38.5,39.0,39.7,39.8,39.8,40.9,42.4,42.6,46.3,47.4,47.6,48.0,48.8,52.6,58.0,58.6
2005-12	-5.9,-5.9,-1.1,-0.7,-0.7,3.8,4.7,8.6,10.5,11.8,13.2,14.2,15.5,17.6,23.7,26.5,32.9,33.0,33.5,34.7,35.8,35.8,36.4,37.4,37.4,38.0,38.7,38.8,39.1,42.0,43.9
2006-01	26.1,26.2,26.2,28.5,29.5,30.2,31.1,32.2,32.5,32.6,33.0,34.4,35.0,35.2,35.4,35.7,35.8,36.8,37.2,37.3,37.6,37.7,37.7,37.8,38.3,39.3,41.0,42.4,42.5,45.7,46.2
2006-02	-12.8,-2.6,-1.9,12.4,13.8,19.0,20.0,21.3,21.8,23.3,23.5,25.7,26.6,27.5,28.0,28.5,28.9,30.1,30.1,30.3,30.4,30.6,31.7,34.5,35.1,37.2,41.3,45.6
2006-03	13.8,18.4,19.6,20.5,22.1,23.6,24.1,24.7,25.3,25.9,28.3,29.2,29.5,30.0,30.6,30.6,33.1,33.4,33.5,35.5,36.1,36.2,37.0,41.9,42.5,42.9,43.7,44.6,49.8,51.3,51.8
2006-04	34.6,38.4,39.6,40.0,40.6,41.5,41.9,43.4,46.3,46.4,47.5,48.7,49.4,49.4,51.7,52.9,54.0,54.5,55.0,55.6,57.0,58.1,58.3,58.6,59.2,59.4,62.4,63.0,65.6,68.0
2006-05	43.6,45.0,45.1,47.5,48.9,50.4,50.5,50.9,51.5,51.8,53.8,54.3,55.5,55.8,58.4,59.3,61.5,62.8,63.7,64.7,67.2,67.6,68.1,69.2,69.6,69.9,71.3,73.5,75.4,77.1,80.2
2006-06	60.6,62.8,62.8,64.1,64.6,66.1,67.0,67.2,67.8,68.3,68.8,69.1,69.1,69.2,71.3,71.6,71.8,72.7,73.6,73.7,73.8,73.8,76.1,76.7,76.7,77.4,77.7,78.8,81.5,82.9
2006-07	69.3,69.7,71.2,71.8,73.0,74.0,74.8,75.6,75.8,75.9,76.9,77.4,78.0,78.9,79.0,79.2,80.0,80.1,81.1,81.9,82.2,83.1,85.2,85.5,86.9,87.7,88.2,88.5,89.5,90.0,94.8
2006-08	59.9,60.1,64.2,64.9,65.7,66.9,67.7,69.6,69.8,69.9,70.3,71.0,71.2,72.4,72.4,72.9,73.6,74.1,74.7,75.5,75.5,75.6,76.4,76.7,76.8,79.5,79.6,79.7,80.0,81.8,82.2
2006-09	43.9,45.1,47.1,48.9,50.0,50.0,50.5,51.0,51.4,52.1,52.3,53.6,54.7,55.7,57.6,58.0,58.0,58.7,59.0,59.6,60.4,61.0,61.7,62.9,63.9,64.4,65.8,68.3,73.0,73.2
2006-10	23.4,30.5,31.0,31.7,32.4,32.4,32.9,33.4,34.8,38.9,39.1,40.9,41.3,42.7,44.0,44.2,44.4,45.7,46.3,46.8,47.4,47.7,52.0,52.7,55.5,61.0,62.1,62.7,63.5,65.9,74.3
2006-11	13.1,13.7,20.8,21.7,21.8,25.0,25.0,26.4,29.1,30.0,30.0,30.4,31.0,31.8,32.0,32.5,36.4,39.2,39.4,39.6,39.8,40.9,41.4,41.5,43.5,44.4,47.7,51.6,52.5,59.2
2006-12	8.0,9.3,16.3,17.2,20.3,20.8,21.0,22.2,24.0,24.1,24.3,26.1,26.4,27.2,27.5,27.6,27.7,28.8,28.9,29.0,29.8,30.8,32.2,32.3,34.4,34.5,34.8,37.0,37.8,39.0,43.7
2007-01	2.4,4.1,4.1,6.9,8.1,9.3,13.2,13.9,16.9,17.0,18.1,20.0,20.7,21.4,22.2,22.9,24.3,24.9,25.1,25.7,28.3,29.0,31.0,32.3,32.3,32.7,32.7,34.2,36.5,36.5,37.9
2007-02	-10.7,-8.1,-0.5,3.1,4.1,6.9,10.2,10.7,12.2,16.3,16.9,19.0,19.1,20.3,20.8,23.7,24.7,26.3,30.3,31.6,32.3,32.5,33.2,33.5,33.9,36.1,40.1,40.4
2007-03	20.7,22.5,27.7,30.9,33.1,34.1,35.4,36.2,37.8,38.8,41.5,43.6,44.5,45.0,45.6,47.9,47.9,48.0,48.3,49.2,49.2,49.7,50.8,50.8,52.6,52.6,53.8,55.9,57.3,57.5,58.0
2007-04	21.1,22.1,22.1,23.6,26.2,35.6,36.4,37.3,37.5,40.2,40.5,41.9,44.3,46.9,48.4,49.2,49.3,49.4,49.8,49.9,52.9,53.1,53.7,55.5,56.3,58.1,58.5,61.4,66.6,67.9
2007-05	51.8,52.5,53.3,54.6,55.4,55.5,56.9,57.0,57.1,57.2,57.2,57.2,57.7,57.8,57.9,58.3,58.6,60.6,61.3,64.5,65.6,65.9,66.0,66.8,68.3,68.6,71.0,72.4,72.8,74.8,78.1
2007-06	52.5,57.1,57.5,60.4,61.5,62.5,63.0,63.5,66.8,66.9,67.0,67.0,68.3,69.6,70.2,70.4,70.8,71.2,72.0,72.2,72.9,73.4,73.9,74.2,75.6,76.0,76.1,77.8,78.8,81.8
2007-07	66.2,71.3,71.4,71.8,72.5,73.7,73.9,74.9,75.2,75.3,76.0,76.3,76.8,77.0,77.0,77.4,77.8,77.8,77.9,77.9,78.1,81.2,82.1,82.3,83.6,83.6,83.8,85.4,86.2,86.7,87.0
2007-08	59.1,60.1,63.2,64.2,68.1,69.7,70.1,72.1,72.7,73.3,73.4,73.7,74.0,74.2,74.5,74.5,74.9,75.0,76.0,76.2,76.3,76.5,76.5,76.9,77.2,77.8,78.5,78.8,79.8,80.0,82.0
2007-09	46.6,49.2,51.0,52.0,54.2,54.5,56.2,56.3,57.3,60.0,60.3,61.4,61.5,62.2,62.5,62.8,65.3,65.6,66.6,70.6,71.3,72.8,74.7,74.9,77.6,77.8,79.0,79.3,79.6,80.5
2007-10	41.0,41.3,41.4,43.0,45.3,45.6,45.7,45.8,46.7,46.9,48.3,48.4,48.5,48.9,49.0,49.9,50.2,50.3,51.3,51.5,52.6,52.9,53.8,54.3,55.7,57.8,58.5,63.2,63.4,63.9,73.3
2007-11	14.3,19.8,20.6,23.5,24.2,26.2,27.7,28.1,29.4,30.8,33.5,34.1,35.8,38.8,42.2,42.4,43.2,43.9,43.9,44.4,45.4,46.0,47.0,47.4,47.5,47.5,48.6,50.3,51.0,51.4
2007-12	11.4,12.8,13.7,14.1,14.6,14.8,15.6,16.0,17.1,17.2,18.3,18.9,20.0,20.4,20.4,21.4,22.1,22.6,25.8,26.3,26.5,27.3,27.5,27.7,28.3,28.5,29.3,29.7,31.9,33.3,41.6
2008-01	-2.3,0.2,3.2,6.0,7.2,9.2,9.5,9.5,11.9,12.0,14.5,15.0,15.9,21.7,22.0,22.3,23.3,24.3,26.5,26.6,27.2,27.7,28.2,28.8,30.0,30.8,32.1,33.6,38.0,38.8,41.4
2008-02	5.0,7.9,9.8,10.3,15.3,17.4,17.7,18.5,19.8,21.2,21.8,22.4,23.8,25.9,26.2,26.7,26.7,30.1,30.3,30.4,30.9,31.1,31.7,33.7,34.8,34.9,39.4,40.1,41.6
2008-03	11.5,24.1,26.1,26.9,27.3,27.5,29.3,30.0,31.7,32.0,32.1,32.7,33.2,34.1,35.1,35.3,36.2,37.4,38.2,38.4,38.5,39.6,39.6,41.3,41.5,41.9,44.0,44.1,45.2,45.5,46.0
2008-04	27.9,29.6,33.2,34.4,35.2,35.9,36.2,36.3,36.5,37.2,38.2,39.6,40.4,42.5,43.2,43.5,44.1,45.9,46.5,46.5,47.1,50.7,52.1,52.9,53.2,54.2,60.2,61.1,61.4,62.0
2008-05	36.6,39.8,42.0,44.7,46.1,46.9,47.7,49.3,49.8,50.4,50.6,51.5,52.9,54.8,55.7,56.2,56.6,57.3,57.4,58.0,58.1,59.9,60.2,61.3,61.7,62.0,62.5,63.3,63.6,64.7,69.0
2008-06	57.8,59.0,59.2,60.5,61.8,62.3,63.3,63.5,63.6,63.7,64.1,64.2,64.6,64.8,65.5,65.9,66.0,66.5,66.5,66.5,67.5,67.6,67.7,68.1,68.5,68.7,71.3,73.0,75.7,77.2
2008-07	63.1,67.3,68.1,68.7,70.9,71.4,71.9,72.2,72.5,73.5,73.9,75.1,75.4,75.4,75.6,76.1,76.1,76.5,76.9,76.9,77.4,78.4,79.0,79.2,79.3,79.7,80.6,81.2,81.5,81.6,82.4
2008-08	63.4,64.1,65.7,67.1,68.7,68.9,69.3,70.2,70.9,71.3,71.5,72.0,72.7,72.8,72.8,73.1,73.2,73.4,74.0,74.1,74.2,74.5,74.7,75.1,75.8,76.0,77.0,78.3,79.8,81.8,82.7
2008-09	51.2,51.6,53.1,53.4,53.6,54.7,55.7,56.1,56.6,57.8,58.0,58.3,58.7,60.6,60.9,61.5,62.6,62.8,63.1,63.2,65.1,65.7,67.4,68.0,69.0,69.0,69.9,70.5,74.1,79.9
2008-10	32.0,36.7,38.9,39.3,39.7,40.3,41.5,42.0,42.6,43.9,44.8,46.0,46.1,47.1,47.9,48.3,48.4,48.6,50.3,50.9,51.7,54.8,55.0,55.5,55.5,57.2,58.8,59.2,59.5,62.3,68.8
2008-11	22.7,23.5,23.6,24.0,26.8,27.2,27.6,28.5,29.1,30.4,31.3,32.2,32.5,32.7,33.5,34.3,35.3,35.5,36.6,37.3,37.4,37.8,38.7,39.0,43.2,45.8,46.2,51.4,54.5,58.5
2008-12	-9.8,-2.3,0.9,2.3,3.7,5.5,5.6,10.2,10.9,13.1,13.7,14.5,16.1,16.8,18.1,18.4,19.6,22.0,24.3,25.3,25.6,27.6,29.4,29.6,29.9,32.8,34.0,34.5,34.8,37.4,38.6
2009-01	-0.9,1.0,2.8,3.9,6.6,7.5,13.8,15.6,16.1,16.8,17.7,22.8,23.8,25.3,25.8,27.8,28.4,28.9,29.7,31.5,31.7,31.9,32.4,33.1,35.5,36.2,37.4,37.6,39.4,39.5,40.2
2009-02	1.0,4.9,18.2,18.4,21.7,21.8,22.9,23.7,25.3,25.5,25.9,26.5,27.8,29.2,30.0,30.4,30.5,30.7,31.4,32.8,35.5,38.4,39.7,40.3,40.5,41.4,41.5,43.6
2009-03	3.5,4.3,6.7,16.6,18.3,24.1,26.5,26.5,26.8,27.4,28.1,29.3,30.7,30.9,34.0,37.1,38.6,39.3,39.6,41.6,44.4,44.7,44.7,47.4,48.7,49.7,50.1,51.7,54.1,56.0,58.6
2009-04	21.9,21.9,22.7,25.6,30.8,35.1,36.6,36.9,37.9,38.2,38.7,39.9,41.5,43.7,44.7,46.2,46.3,47.8,48.4,49.1,51.3,52.8,53.9,54.3,54.8,56.4,57.3,59.2,61.8,69.5
2009-05	45.4,47.4,47.5,48.3,49.3,49.8,50.8,51.2,52.8,53.2,53.5,54.9,55.4,57.7,58.1,58.4,59.1,59.6,60.6,60.9,60.9,61.2,62.1,63.6,64.5,65.5,67.8,68.0,71.1,78.5,79.4
2009-06	49.6,51.8,52.0,53.1,53.5,53.9,54.4,58.0,58.9,58.9,60.6,61.1,63.1,66.3,67.0,68.8,69.8,69.8,70.0,70.9,71.3,71.4,71.8,72.2,72.5,74.2,75.6,76.0,77.8,81.0
2009-07	58.8,61.8,63.2,64.1,65.8,66.1,66.3,66.9,68.0,68.7,69.0,69.2,70.3,70.3,70.5,71.0,71.4,71.9,71.9,72.5,72.7,73.8,73.9,74.2,74.5,74.5,74.9,75.1,75.5,75.5,76.6
2009-08	57.1,60.4,60.9,61.2,62.9,63.5,64.4,64.8,64.9,64.9,65.6,66.2,66.9,67.7,67.8,69.9,70.0,70.5,71.8,72.1,72.2,72.3,72.7,73.3,74.3,75.2,75.3,76.2,77.6,78.1,81.2
2009-09	49.2,49.8,51.6,52.0,54.7,55.5,59.0,59.5,60.7,60.8,61.1,62.7,62.7,63.3,64.3,64.5,65.1,65.1,66.1,66.4,66.6,66.7,67.3,67.8,68.1,68.6,69.1,69.4,71.0,74.8
2009-10	25.5,26.1,30.6,31.8,32.6,33.6,33.8,35.0,36.4,38.3,38.6,38.8,39.5,39.6,40.0,40.5,40.6,42.5,42.9,43.2,43.2,43.4,44.2,44.5,44.6,44.8,45.8,47.0,50.2,50.3,58.0
2009-11	28.1,28.8,30.6,31.7,32.5,32.7,32.7,32.9,33.6,33.6,35.0,36.0,36.0,37.5,38.6,39.9,40.2,40.8,41.3,42.4,44.1,44.7,45.2,47.4,47.9,48.8,50.2,51.8,53.0,57.1
2009-12	-0.5,0.5,1.4,2.5,4.3,6.0,7.3,8.3,9.1,10.5,13.3,13.5,16.3,16.9,17.0,17.5,17.8,17.9,18.2,20.3,20.6,22.8,24.3,24.5,25.4,25.4,30.1,30.2,32.1,33.1,33.2
2010-01	-8.8,-4.6,0.3,5.8,6.7,12.0,14.2,14.2,14.5,15.8,18.0,19.0,19.5,19.8,21.6,25.1,25.8,26.2,29.2,30.0,31.2,31.5,32.3,33.2,33.3,33.5,33.5,33.9,35.3,36.6,37.4
2010-02	8.5,9.9,12.6,13.1,14.0,14.9,16.3,17.4,19.5,20.0,21.0,21.6,21.7,22.2,24.1,24.8,25.7,26.0,27.7,28.7,28.8,29.2,29.3,29.3,29.6,30.5,30.7,34.2
2010-03	26.6,29.7,31.2,31.3,31.4,32.7,33.0,33.6,34.1,34.2,35.1,35.5,35.8,36.3,36.4,37.6,37.8,38.6,39.3,39.5,41.3,41.4,42.1,43.3,43.7,44.1,47.3,48.0,53.8,56.0,62.7
2010-04	41.3,41.4,42.5,42.7,43.0,43.2,43.9,44.2,45.0,46.3,46.4,46.8,46.9,48.5,50.0,50.0,50.3,51.1,51.8,52.8,54.0,54.3,54.4,54.6,55.3,55.6,55.8,57.5,62.1,69.5
2010-05	39.2,40.3,41.9,42.0,44.4,45.8,46.5,47.6,48.3,49.2,49.7,50.3,52.0,54.7,55.4,55.5,56.0,56.8,58.7,59.0,59.7,61.1,62.8,63.9,65.4,67.2,69.9,71.8,75.7,77.9,78.5
2010-06	55.4,55.9,58.8,59.7,60.7,62.1,62.3,63.9,64.7,65.8,66.5,66.9,67.3,68.5,68.6,69.1,69.3,69.6,70.0,70.9,71.4,72.4,73.4,73.5,73.8,75.9,75.9,77.0,78.3,79.7
2010-07	63.9,68.8,69.8,70.0,70.6,72.1,72.3,72.8,72.9,73.3,73.7,73.9,74.1,74.2,74.3,74.5,75.7,77.7,77.9,78.2,78.4,79.1,79.6,80.3,80.3,81.1,81.4,81.7,82.0,84.7,85.6
2010-08	64.4,65.7,65.9,66.0,67.1,69.2,70.1,70.5,71.9,73.5,73.8,74.5,76.6,76.6,77.4,77.6,78.1,78.1,78.2,78.6,78.9,79.6,79.9,80.0,80.3,81.4,82.1,82.3,82.3,84.2,86.6
2010-09	46.6,47.1,54.9,55.2,57.7,58.1,58.5,58.5,59.7,60.1,61.6,62.2,62.6,62.7,62.8,63.6,64.0,64.2,64.3,64.4,65.3,65.6,66.1,66.4,66.7,68.6,69.7,70.4,71.8,73.3
2010-10	39.4,40.2,43.8,44.9,45.9,46.8,47.1,47.8,48.7,48.8,49.1,49.3,50.2,51.8,52.2,52.5,52.7,53.5,53.6,53.9,54.0,56.0,56.2,56.7,56.9,59.3,59.4,61.0,63.7,66.5,68.4
2010-11	7.3,10.3,18.2,19.9,20.4,20.7,23.4,23.9,26.4,29.4,30.5,32.1,34.1,34.6,34.9,35.4,35.5,36.4,37.2,38.5,39.3,39.9,40.6,46.2,47.1,48.8,49.6,51.7,53.2,57.8
2010-12	-0.7,0.6,13.2,14.3,15.8,16.5,17.8,19.2,19.4,20.4,20.4,21.2,21.3,21.4,21.6,22.4,22.7,22.9,24.1,25.0,27.7,29.1,29.5,30.7,31.2,31.6,32.8,33.2,34.1,35.7,43.1
2011-01	-6.5,-5.9,4.4,4.5,6.5,6.7,7.3,7.8,8.4,11.5,12.5,17.1,17.5,18.1,18.8,18.8,19.0,20.0,20.9,21.3,21.4,22.4,25.2,26.9,29.7,31.4,33.9,34.5,35.8,37.9,38.1
2011-02	-6.5,-4.2,-1.2,-0.2,1.3,4.1,6.8,11.8,12.2,14.7,15.2,15.8,16.8,20.1,22.1,25.7,26.8,30.9,31.1,31.3,32.4,35.2,36.8,38.3,42.8,44.6,46.4,50.1
2011-03	11.1,11.9,13.3,13.4,17.9,20.3,24.4,28.6,29.0,29.8,29.9,29.9,30.3,30.9,31.6,32.0,33.4,35.5,35.7,35.7,38.2,44.3,44.5,44.9,46.0,46.5,47.3,47.5,49.0,50.6,53.5
2011-04	31.5,31.7,32.4,35.6,35.8,36.3,36.6,39.4,42.3,43.4,43.7,44.0,44.9,45.6,45.7,46.6,47.4,48.2,48.2,48.5,49.2,49.5,50.3,50.9,50.9,51.1,53.2,53.6,55.4,58.2
2011-05	41.4,43.0,44.3,44.4,45.2,46.3,47.2,48.8,49.7,50.0,50.5,53.9,54.0,54.6,55.2,57.5,57.6,57.9,58.2,58.6,59.2,59.3,59.6,59.7,59.7,60.3,60.9,60.9,68.3,71.5,71.8
2011-06	55.0,57.9,58.2,58.4,58.7,62.4,62.4,63.4,63.7,63.7,63.9,65.2,65.6,66.2,66.8,67.1,68.7,69.9,70.0,70.1,70.3,71.0,71.1,72.7,73.6,74.0,76.3,77.8,78.4,85.9
2011-07	66.5,67.2,68.3,70.4,72.2,72.7,72.7,74.0,74.7,75.0,75.1,75.5,77.8,77.8,77.8,78.7,79.1,80.6,80.7,80.8,81.3,81.6,82.1,82.8,83.1,83.4,83.6,85.2,87.3,87.8,89.4
2011-08	64.9,65.6,66.2,68.2,68.3,68.8,69.7,69.7,69.9,70.4,70.7,71.8,72.0,72.9,72.9,74.3,74.3,74.4,74.5,75.0,75.7,75.9,76.0,76.8,77.5,77.7,78.4,78.6,79.9,81.6,87.9
2011-09	43.9,44.9,47.9,49.4,50.9,52.9,54.4,56.3,57.1,58.8,59.4,60.3,60.4,60.6,60.6,61.7,61.7,61.9,63.4,63.7,63.9,64.0,64.8,65.7,66.6,69.3,69.4,70.1,74.7,79.8
2011-10	34.5,36.8,38.1,40.6,41.1,41.9,42.4,42.4,44.7,45.0,45.6,46.9,48.8,49.1,49.2,49.3,50.0,50.3,50.8,52.6,52.6,54.2,55.3,55.4,63.2,63.9,66.6,68.0,68.6,68.7,73.3
2011-11	22.3,24.8,26.0,28.4,29.2,30.1,30.3,31.1,31.4,33.6,33.9,34.5,34.9,35.9,36.7,37.4,37.6,39.2,39.3,39.3,39.9,40.0,41.1,41.1,42.9,45.9,46.0,46.2,46.5,48.5
2011-12	9.9,13.4,17.2,17.7,19.8,22.5,23.3,23.5,23.6,24.6,25.9,25.9,26.6,26.8,27.5,28.8,28.8,29.0,29.3,30.0,30.6,30.7,31.1,33.3,33.8,35.6,37.2,37.8,39.7,40.9,41.8
2012-01	1.8,6.9,12.3,15.1,17.1,17.9,21.4,23.3,23.6,23.7,24.0,27.7,29.0,29.9,30.2,30.2,30.7,31.9,32.1,33.1,35.4,35.5,36.8,37.9,38.3,39.0,39.4,40.1,40.9,43.6,45.4
2012-02	3.1,14.4,16.1,19.7,21.6,22.6,24.4,24.8,25.2,25.4,25.5,26.5,27.2,27.7,28.5,28.6,29.6,30.4,31.2,31.6,34.0,34.5,34.6,35.4,35.4,35.9,36.0,36.3,37.2
2012-03	22.7,23.3,25.8,33.9,36.4,38.4,38.6,39.9,44.7,45.5,48.2,48.5,50.1,50.6,52.0,52.2,52.2,52.4,52.8,53.1,53.7,54.8,57.0,57.4,57.5,58.9,61.2,61.8,62.2,64.7,66.5
2012-04	40.1,42.2,43.9,44.1,44.5,46.0,47.3,48.1,48.3,48.7,48.8,49.1,49.3,49.6,50.3,50.5,51.3,52.7,53.1,53.2,53.5,53.9,54.1,56.8,57.3,57.5,57.9,69.4,69.5,72.8
2012-05	47.2,47.5,49.7,50.4,51.0,52.9,52.9,53.2,53.3,54.1,55.1,57.8,57.8,58.1,60.5,61.2,61.8,62.0,62.3,62.4,63.3,63.6,63.7,65.5,66.7,68.8,69.1,70.9,74.2,75.6,76.7
2012-06	59.5,60.8,64.2,65.2,67.3,70.1,70.4,73.3,73.4,73.6,74.0,74.4,75.5,76.0,76.3,77.0,77.0,77.2,77.6,77.7,79.1,79.4,80.1,80.4,80.7,80.7,81.5,82.6,84.5,85.0
2012-07	71.8,72.8,73.1,74.0,76.9,78.0,78.3,78.6,79.9,80.4,81.6,81.7,82.5,83.1,83.3,83.3,83.4,83.8,84.0,85.6,85.7,86.9,87.0,87.3,88.0,88.3,88.8,89.6,90.4,90.7,90.9
2012-08	61.8,63.0,64.4,66.0,68.2,68.8,69.0,69.3,70.0,70.2,70.6,72.1,72.4,72.7,72.8,73.1,73.3,75.2,75.6,76.8,76.8,78.4,78.6,80.0,80.0,80.0,82.6,84.8,85.6,86.4,86.5
2012-09	54.0,55.1,55.2,55.6,56.6,57.9,58.4,59.8,59.8,60.1,60.5,60.5,60.7,60.8,61.4,61.5,61.9,63.1,66.2,66.3,67.9,69.3,69.9,71.7,76.1,76.4,79.3,80.0,80.3,83.1
2012-10	29.6,30.7,31.6,33.6,34.4,36.2,36.9,40.5,41.4,42.8,44.1,45.1,45.3,46.0,47.1,48.0,48.1,49.7,49.8,50.1,53.3,54.1,54.4,55.2,55.2,55.2,56.5,58.0,60.2,60.5,63.0
2012-11	18.0,20.5,21.5,21.9,24.8,25.5,28.0,31.6,33.2,34.3,35.5,36.0,36.3,37.1,37.3,37.4,37.5,39.1,39.7,41.1,41.8,42.9,43.0,44.8,46.5,48.7,49.0,49.0,49.1,49.2
2012-12	7.2,8.1,8.3,9.6,10.3,13.0,14.2,16.4,16.6,17.5,21.5,22.4,25.1,26.8,26.9,27.1,27.2,27.4,29.2,31.7,32.9,33.2,34.7,35.6,36.3,36.9,42.2,43.0,46.4,46.7,52.3
2013-01	4.3,6.2,6.3,7.0,10.1,11.0,14.9,16.2,17.0,17.4,18.6,19.5,20.6,22.5,23.4,23.9,25.1,28.6,31.1,31.1,31.5,31.5,31.5,32.4,32.5,32.9,34.8,35.9,37.7,39.6,41.3
2013-02	14.4,14.9,15.6,17.9,17.9,19.0,20.4,20.6,22.5,26.0,26.5,27.8,28.4,29.8,30.3,30.6,31.0,31.0,32.5,33.5,33.6,34.4,34.9,35.7,37.6,38.9,40.4,40.7
2013-03	19.9,20.0,20.2,22.5,22.9,25.4,26.2,26.3,27.1,27.5,28.5,28.5,29.3,30.3,31.0,31.5,31.6,32.4,33.0,37.0,37.4,37.5,37.7,38.3,43.7,43.9,46.5,46.6,49.7,49.7,49.8
2013-04	20.5,21.1,24.2,25.1,27.2,29.5,30.4,30.7,31.5,32.1,33.4,34.0,34.7,34.8,36.5,39.2,39.8,44.6,45.3,46.3,46.9,47.4,49.3,52.8,54.7,55.6,58.2,61.0,61.0,61.4
2013-05	39.4,41.3,41.5,42.7,45.2,48.6,49.6,51.0,53.9,54.0,55.1,55.3,56.2,56.5,57.8,59.2,59.5,61.8,62.0,62.2,62.3,62.5,64.4,64.9,67.3,67.5,67.7,68.5,69.8,71.2,76.9
2013-06	52.1,54.2,56.4,57.5,61.0,62.2,63.0,63.6,64.5,64.6,65.8,66.5,67.7,67.7,68.5,69.6,69.8,70.2,70.5,71.8,72.8,73.0,74.5,75.1,75.1,75.6,75.7,75.8,78.7,79.4
2013-07	63.5,63.6,66.7,66.9,67.4,67.6,70.0,71.7,71.8,72.1,72.5,72.8,72.9,73.2,73.7,74.3,74.6,75.1,75.3,75.6,76.4,76.9,77.2,77.5,77.8,79.2,79.4,80.6,80.7,82.2,84.8
2013-08	64.2,65.9,66.8,67.1,67.8,68.6,68.7,69.1,69.4,70.3,70.9,71.2,71.6,72.0,72.5,72.9,73.5,73.7,73.8,75.7,76.3,78.1,79.9,80.5,80.6,81.4,81.6,81.8,82.2,84.0,86.0
2013-09	51.3,53.9,56.0,58.5,58.9,60.6,61.8,62.8,64.3,64.3,64.9,65.6,66.5,67.3,67.4,68.1,68.5,68.6,69.1,69.3,70.2,71.6,76.0,78.2,78.8,79.0,79.1,80.7,82.2,83.2
2013-10	31.7,33.4,33.9,34.3,36.5,38.2,39.0,39.5,39.8,40.4,41.9,42.2,43.4,44.5,45.4,45.8,46.6,47.1,47.4,47.5,48.1,49.1,50.6,51.3,51.6,54.5,54.7,57.5,60.0,62.0,63.2
2013-11	10.6,16.5,19.7,23.4,24.7,26.5,27.4,28.5,29.7,30.5,31.0,32.4,33.9,34.0,34.0,34.3,35.1,38.8,39.7,39.7,40.6,42.0,42.4,42.5,43.1,43.5,45.5,45.5,47.2,47.4
2013-12	-14.0,-13.8,-3.3,0.4,1.6,4.0,8.0,8.5,9.3,10.7,12.6,13.4,14.1,16.8,20.0,21.3,21.7,22.4,22.4,27.0,28.8,30.0,30.2,30.3,33.1,34.0,34.5,35.5,35.7,36.6,43.1
2014-01	-4.0,3.6,4.2,5.3,5.8,13.8,17.8,18.3,18.8,19.2,19.3,22.0,24.9,26.9,27.1,27.4,30.7,32.2,33.0,33.8,34.0,34.5,34.7,35.2,36.0,36.4,38.4,38.4,40.1,43.3,43.8
2014-02	-7.6,-5.5,-0.4,4.1,7.1,7.3,8.4,10.2,10.2,10.6,15.0,16.1,16.7,17.9,20.0,21.4,21.5,29.0,29.9,29.9,33.6,34.3,36.4,37.7,39.0,41.2,42.3,43.4
2014-03	-8.0,3.8,6.4,17.4,18.7,21.6,22.8,25.6,26.0,28.4,30.5,31.4,34.5,36.4,37.1,37.3,37.6,37.7,38.1,38.5,39.1,40.8,40.9,42.7,42.9,45.3,46.6,47.8,49.4,49.8,54.9
2014-04	21.3,28.7,31.0,33.0,33.4,34.7,35.7,37.9,38.6,39.1,40.7,42.0,43.1,44.5,47.7,49.7,53.6,53.9,55.3,56.1,56.9,57.4,57.6,58.1,58.4,59.5,59.6,62.1,62.6,64.0
2014-05	40.5,44.0,44.2,45.4,45.8,46.4,46.6,46.6,47.3,49.6,49.8,50.7,52.1,55.3,58.6,58.9,59.2,59.6,61.4,63.9,64.4,67.1,67.3,67.5,67.8,68.0,68.3,71.0,72.7,76.0,77.1
2014-06	52.4,52.7,53.2,57.0,59.4,61.8,61.8,62.6,63.5,64.6,65.0,65.9,66.7,67.5,67.5,67.9,68.5,68.6,69.3,69.4,69.6,71.1,71.5,72.1,72.2,72.5,73.0,74.5,75.5,75.8
2014-07	59.7,61.2,64.2,65.4,66.1,67.1,67.2,67.3,67.9,68.0,68.1,68.8,69.0,69.3,70.8,70.9,73.0,73.5,73.6,74.6,76.2,76.9,77.3,77.8,78.4,78.8,79.5,80.6,80.9,81.6,83.8
2014-08	64.4,64.7,66.1,66.1,67.6,68.3,68.7,69.1,69.8,70.0,70.6,70.9,71.0,71.5,71.7,71.7,71.7,73.2,73.8,73.9,74.2,74.5,74.9,74.9,75.5,75.7,76.7,77.1,77.2,77.3,77.3
2014-09	42.9,42.9,48.7,49.5,51.4,54.0,58.7,59.3,59.3,59.4,59.7,60.1,61.4,62.8,63.0,63.7,64.0,64.7,67.5,67.7,67.7,68.6,69.0,69.8,71.8,72.4,72.6,74.9,75.3,78.7
2014-10	34.2,38.1,42.0,42.1,43.1,45.5,46.5,48.8,50.1,50.5,50.5,51.5,51.9,52.4,52.7,53.8,54.3,54.4,55.0,55.6,55.7,56.2,56.5,56.8,58.1,58.4,58.7,59.1,61.8,61.9,62.5
2014-11	2.1,6.3,7.3,8.1,11.9,12.2,12.6,13.0,17.2,21.7,27.3,27.6,28.9,29.4,29.4,31.8,32.0,37.1,39.5,40.1,42.4,42.8,42.9,43.2,44.2,46.0,46.5,48.2,51.4,52.5
2014-12	-5.2,-2.7,9.5,10.4,10.9,15.5,19.9,20.0,21.6,22.4,22.5,23.1,24.5,25.6,27.4,27.5,28.1,29.7,29.9,30.8,30.9,34.3,34.9,36.2,37.5,37.5,37.9,38.1,40.5,41.7,45.0
2015-01	-1.1,4.7,7.9,8.0,9.9,11.6,11.8,14.2,14.4,15.4,17.0,19.0,19.9,22.2,25.5,26.6,29.4,31.0,31.3,31.5,31.6,32.8,33.7,36.3,39.0,39.4,39.5,39.8,42.4,43.1,45.6
2015-02	5.9,6.8,7.7,7.7,8.3,9.8,12.0,18.1,18.7,20.6,20.7,21.8,21.8,24.6,28.0,28.1,28.4,29.6,30.7,32.4,34.3,36.8,38.5,39.7,43.0,46.2,49.6,49.8
2015-03	12.2,14.2,23.9,25.7,26.3,30.8,36.0,36.5,39.2,39.3,40.5,41.1,41.3,42.0,45.0,45.5,45.8,45.9,46.0,46.4,47.8,48.7,49.3,50.4,52.5,53.7,53.9,56.1,60.7,61.9,64.9
2015-04	37.2,38.8,38.8,39.9,40.8,41.2,42.4,42.7,44.6,45.3,46.3,46.3,49.9,50.3,50.6,51.2,51.4,52.1,52.2,54.1,55.1,55.6,57.0,57.7,59.0,59.3,60.0,61.5,61.9,62.8
2015-05	37.3,38.9,40.6,42.8,45.5,47.4,48.0,48.1,49.1,50.9,52.0,53.5,54.1,54.6,55.0,57.1,57.5,57.8,58.0,58.0,58.7,58.9,60.4,60.6,60.9,61.9,62.5,64.0,64.8,65.2,65.6
2015-06	61.8,62.2,63.7,65.0,65.2,66.1,66.7,66.7,66.8,66.9,67.6,67.8,67.8,68.2,68.6,68.9,69.0,69.3,70.5,71.2,71.3,72.8,72.9,73.1,73.4,73.6,73.8,73.9,74.7,75.5
2015-07	63.5,63.8,65.4,68.9,69.2,69.9,70.2,70.3,70.6,71.9,72.1,73.0,73.5,73.5,74.1,74.3,74.6,74.9,75.3,75.5,75.9,76.3,76.8,77.1,77.3,79.1,79.3,80.5,81.5,83.3,97.4
2015-08	58.3,58.6,58.7,59.1,63.5,64.9,66.3,69.7,70.0,71.3,71.9,72.7,73.0,73.8,74.1,74.2,74.3,74.4,74.5,74.6,74.7,75.1,75.6,75.7,77.0,77.5,78.5,78.5,79.5,80.6,83.5
2015-09	50.7,57.1,57.5,57.9,61.0,62.0,62.0,62.2,62.2,62.5,63.1,63.7,64.1,64.5,67.4,67.5,68.8,69.4,69.6,70.1,70.2,72.2,72.6,73.0,76.4,77.7,78.5,78.6,79.1,82.1
2015-10	32.7,41.2,43.2,44.0,45.2,45.7,46.7,47.5,48.0,48.5,49.1,49.5,49.9,50.1,51.4,52.5,53.2,53.7,54.2,55.3,55.4,56.3,57.7,58.4,60.1,60.3,60.8,61.1,62.1,64.4,64.8
2015-11	16.4,19.7,21.1,22.8,23.8,26.3,27.7,27.8,32.7,33.6,33.8,33.8,35.0,35.9,36.0,36.5,37.1,37.8,37.9,42.1,44.7,45.0,46.6,47.4,47.9,48.0,48.9,49.4,49.8,52.2
2015-12	6.8,7.6,8.7,9.1,10.0,15.3,17.4,18.0,19.4,22.1,22.4,23.3,24.1,25.0,25.9,26.2,27.5,27.7,28.0,28.4,29.6,30.0,30.6,30.6,31.4,34.6,37.1,40.7,42.4,44.5,47.3
2016-01	0.8,1.4,4.6,11.5,17.3,17.5,18.6,18.8,19.5,20.8,21.0,21.2,22.6,22.7,23.0,23.1,24.2,24.4,26.6,26.7,27.0,27.8,29.3,29.8,30.5,32.0,32.2,33.8,34.0,37.0,37.1
2016-02	21.4,22.8,23.9,27.2,28.3,28.3,28.7,29.0,29.2,30.1,30.6,30.8,30.9,34.4,34.4,35.4,35.4,35.8,36.3,37.5,37.8,38.6,39.3,40.6,43.4,45.6,49.3,51.0,54.1
2016-03	26.0,27.2,27.7,28.4,28.8,30.2,30.9,33.8,34.2,36.5,36.6,37.8,39.1,40.5,42.1,43.8,44.0,44.0,44.5,45.6,46.4,46.5,48.8,50.7,52.3,52.8,54.0,56.1,57.6,58.3,58.8
2016-04	34.1,36.5,36.6,38.5,38.8,39.4,39.7,40.1,41.8,41.9,43.0,43.9,46.0,46.0,48.7,49.0,49.8,50.8,51.1,52.5,52.8,53.3,54.6,55.4,56.0,60.1,61.1,65.2,65.4,65.6
2016-05	42.0,43.8,45.2,45.4,48.7,50.0,50.5,51.0,51.3,53.5,54.0,54.9,55.5,57.9,58.0,58.5,60.1,60.4,60.5,60.8,61.2,61.6,61.9,63.3,63.8,64.2,64.2,66.2,66.3,68.3,73.5
2016-06	58.9,63.1,64.5,64.8,65.9,66.2,69.4,69.5,70.4,71.1,71.3,71.5,71.6,72.0,72.8,73.2,73.3,74.9,75.7,75.9,77.3,77.6,78.4,79.0,79.5,80.2,81.9,81.9,82.0,82.3
2016-07	60.6,64.6,64.8,65.5,66.5,67.7,67.8,68.7,69.4,70.0,70.9,71.8,72.3,73.6,74.4,75.0,75.4,75.8,76.0,76.1,76.3,78.1,79.2,80.0,80.6,80.6,83.5,83.9,84.0,85.7,85.8
2016-08	58.4,58.6,61.9,61.9,63.3,65.8,65.8,66.1,68.0,68.6,70.4,70.5,70.8,72.4,72.6,73.2,73.4,73.4,76.2,76.8,76.9,77.4,77.4,77.7,77.8,78.1,78.4,79.1,80.2,80.7,83.2
2016-09	51.8,52.1,53.3,54.8,57.0,57.2,58.7,59.0,59.6,60.2,60.3,60.8,63.6,63.8,64.7,64.8,64.9,65.4,65.9,66.3,67.7,68.1,68.3,68.5,68.5,69.1,70.5,71.5,71.8,72.5
2016-10	35.9,39.7,43.0,47.0,47.8,47.9,48.3,49.4,49.7,49.9,51.2,51.5,52.1,52.5,53.1,53.2,54.2,55.0,55.1,57.6,59.3,59.4,61.2,61.5,62.0,62.2,64.6,65.6,66.4,66.8,67.5
2016-11	17.9,26.0,29.0,29.7,30.8,32.9,32.9,33.2,34.6,34.8,37.6,40.2,40.2,41.1,41.4,43.3,44.7,45.5,47.4,48.5,49.3,49.6,51.0,51.3,51.7,53.2,53.5,56.5,58.0,58.4
2016-12	-12.6,-2.1,5.4,6.1,7.0,7.4,7.9,9.3,9.9,11.0,12.7,13.1,13.3,18.1,20.0,21.7,22.8,24.2,27.5,27.6,27.8,28.5,30.2,30.7,30.8,32.4,33.1,34.5,35.3,36.1,38.0
2017-01	22.0

